# Backward-facing step.
# Inflow length = 2 step heights
# Outflow length = 40 step heights
# 494 elements

<FIELDS NUMBER=3>
	u v p
</FIELDS>

<TOKENS>
	N_SLICE   = 1
	N_BASE    = 2
	N_TIME    = 2
	N_P       = 7
	T_FINAL   = 50
	D_T       = 0.004
	N_STEP    = int(T_FINAL/D_T)
	Re        = 450
	KINVIS    = 1.0/Re
	CHKPOINT  = 1
	IO_CFL    = 25
	IO_HIS    = 20
	IO_FLD    = N_STEP
	IO_WSS    = IO_FLD
</TOKENS>

<HISTORY NUMBER=3>
	1	5	-0.5	0
	2	15	0	0
	3	30	0	0
</HISTORY>

<GROUPS NUMBER=3>
	1	v	value
	2	w	wall
	3	o	exit
</GROUPS>

<BCS NUMBER=3>
	1	v	3
			<D>	u = 4.0*y*(1-y)		</D>
			<D>	v = 0.0			</D>
			<H>	p = 0			</H>
	2	w	3
			<D>	u = 0.0			</D>
			<D>	v = 0.0			</D>
			<H>	p = 0			</H>
	3	o	3
			<N>	u = 0.0			</N>
			<N>	v = 0.0			</N>
			<D>	p = 0.0			</D>
</BCS>

<USER>
	u = 0
	v = 0
	p = 0
</USER>

<NODES NUMBER=585>
1 0.000000e+00 -1 0
2 1.686850e-01 -1 0
3 3.424300e-01 -1 0
4 5.213870e-01 -1 0
5 7.057130e-01 -1 0
6 8.955690e-01 -1 0
7 1.091120e+00 -1 0
8 1.292540e+00 -1 0
9 1.500000e+00 -1 0
10 1.763600e+00 -1 0
11 2.032460e+00 -1 0
12 2.306710e+00 -1 0
13 2.586440e+00 -1 0
14 2.871760e+00 -1 0
15 3.162800e+00 -1 0
16 3.459650e+00 -1 0
17 3.762440e+00 -1 0
18 4.071280e+00 -1 0
19 4.386300e+00 -1 0
20 4.707630e+00 -1 0
21 5.035370e+00 -1 0
22 5.369680e+00 -1 0
23 5.710670e+00 -1 0
24 6.058480e+00 -1 0
25 6.413240e+00 -1 0
26 6.775100e+00 -1 0
27 7.144200e+00 -1 0
28 7.520680e+00 -1 0
29 7.904690e+00 -1 0
30 8.296380e+00 -1 0
31 8.695910e+00 -1 0
32 9.103420e+00 -1 0
33 9.519090e+00 -1 0
34 9.943060e+00 -1 0
35 1.037550e+01 -1 0
36 1.081660e+01 -1 0
37 1.126660e+01 -1 0
38 1.172550e+01 -1 0
39 1.219360e+01 -1 0
40 1.267110e+01 -1 0
41 1.315810e+01 -1 0
42 1.365480e+01 -1 0
43 1.416150e+01 -1 0
44 1.467840e+01 -1 0
45 1.520550e+01 -1 0
46 1.574320e+01 -1 0
47 1.629170e+01 -1 0
48 1.685110e+01 -1 0
49 1.742170e+01 -1 0
50 1.800380e+01 -1 0
51 1.859740e+01 -1 0
52 1.920300e+01 -1 0
53 1.982060e+01 -1 0
54 2.045060e+01 -1 0
55 2.109320e+01 -1 0
56 2.174870e+01 -1 0
57 2.241730e+01 -1 0
58 2.309920e+01 -1 0
59 2.379480e+01 -1 0
60 2.450430e+01 -1 0
61 2.522800e+01 -1 0
62 2.596610e+01 -1 0
63 2.671910e+01 -1 0
64 2.748700e+01 -1 0
65 2.827040e+01 -1 0
66 2.906940e+01 -1 0
67 2.988440e+01 -1 0
68 3.071560e+01 -1 0
69 3.156350e+01 -1 0
70 3.242840e+01 -1 0
71 3.331060e+01 -1 0
72 3.421040e+01 -1 0
73 3.512820e+01 -1 0
74 3.606430e+01 -1 0
75 3.701920e+01 -1 0
76 3.799320e+01 -1 0
77 3.898670e+01 -1 0
78 4.000000e+01 -1 0
79 4.000000e+01 -0.5 0
80 4.000000e+01 0 0
81 4.000000e+01 0.5 0
82 4.000000e+01 1 0
83 3.898610e+01 1 0
84 3.799200e+01 1 0
85 3.701750e+01 1 0
86 3.606200e+01 1 0
87 3.512530e+01 1 0
88 3.420700e+01 1 0
89 3.330660e+01 1 0
90 3.242400e+01 1 0
91 3.155860e+01 1 0
92 3.071020e+01 1 0
93 2.987840e+01 1 0
94 2.906290e+01 1 0
95 2.826350e+01 1 0
96 2.747970e+01 1 0
97 2.671120e+01 1 0
98 2.595790e+01 1 0
99 2.521930e+01 1 0
100 2.449520e+01 1 0
101 2.378530e+01 1 0
102 2.308930e+01 1 0
103 2.240700e+01 1 0
104 2.173800e+01 1 0
105 2.108210e+01 1 0
106 2.043920e+01 1 0
107 1.980880e+01 1 0
108 1.919080e+01 1 0
109 1.858490e+01 1 0
110 1.799080e+01 1 0
111 1.740850e+01 1 0
112 1.683750e+01 1 0
113 1.627780e+01 1 0
114 1.572900e+01 1 0
115 1.519090e+01 1 0
116 1.466350e+01 1 0
117 1.414630e+01 1 0
118 1.363940e+01 1 0
119 1.314230e+01 1 0
120 1.265500e+01 1 0
121 1.217730e+01 1 0
122 1.170890e+01 1 0
123 1.124970e+01 1 0
124 1.079950e+01 1 0
125 1.035810e+01 1 0
126 9.925410e+00 1 0
127 9.501180e+00 1 0
128 9.085270e+00 1 0
129 8.677520e+00 1 0
130 8.277760e+00 1 0
131 7.885840e+00 1 0
132 7.501600e+00 1 0
133 7.124900e+00 1 0
134 6.755590e+00 1 0
135 6.393510e+00 1 0
136 6.038540e+00 1 0
137 5.690520e+00 1 0
138 5.349330e+00 1 0
139 5.014830e+00 1 0
140 4.686890e+00 1 0
141 4.365380e+00 1 0
142 4.050180e+00 1 0
143 3.741150e+00 1 0
144 3.438180e+00 1 0
145 3.141160e+00 1 0
146 2.849950e+00 1 0
147 2.564460e+00 1 0
148 2.284570e+00 1 0
149 2.010160e+00 1 0
150 1.741130e+00 1 0
151 1.477380e+00 1 0
152 1.218800e+00 1 0
153 9.652940e-01 1 0
154 7.167560e-01 1 0
155 4.730910e-01 1 0
156 2.342030e-01 1 0
157 -1.421090e-14 1 0
158 -1.500000e-01 1 0
159 -3.750000e-01 1 0
160 -6.666667e-01 1 0
161 -1.000000e+00 1 0
162 -1.450000e+00 1 0
163 -2.000000e+00 1 0
164 -2.000000e+00 0.7 0
165 -2.000000e+00 0.4 0
166 -2.000000e+00 0.1 0
167 -1.450000e+00 0.1 0
168 -1.000000e+00 0.1 0
169 -6.666667e-01 0.1 0
170 -3.750000e-01 0.1 0
171 -1.500000e-01 0.1 0
172 0.000000e+00 0.1 0
173 1.338880e-01 0.1 0
174 2.711230e-01 0.1 0
175 4.117900e-01 0.1 0
176 5.559730e-01 0.1 0
177 7.037600e-01 0.1 0
178 8.552420e-01 0.1 0
179 1.010510e+00 0.1 0
180 1.169660e+00 0.1 0
181 1.331890e+00 0.137349 0
182 1.498640e+00 0.164272 0
183 1.501807e+00 -0.0014012 0
184 1.471235e+00 -0.133641 0
185 1.466394e+00 -0.264997 0
186 1.317659e+00 -0.259702 0
187 1.165601e+00 -0.247617 0
188 1.011501e+00 -0.239392 0
189 8.574747e-01 -0.227984 0
190 7.037600e-01 -0.2 0
191 5.559730e-01 -0.2 0
192 4.117900e-01 -0.2 0
193 2.711230e-01 -0.2 0
194 1.338880e-01 -0.2 0
195 2.220450e-16 -0.2 0
196 1.775770e-16 -0.360212 0
197 1.264390e-16 -0.544456 0
198 6.763000e-17 -0.756337 0
199 -7.017275e-01 0.709858 0
200 -6.839392e-01 0.408537 0
201 -1.941058e-02 0.263511 0
202 -5.099192e-02 0.428349 0
203 -1.236788e-02 0.601222 0
204 6.795142e-03 0.786123 0
205 -1.736639e-01 0.778408 0
206 -3.883859e-01 0.727311 0
207 -3.031504e-01 0.420982 0
208 -1.630607e-01 0.600204 0
209 -1.575203e-01 0.261498 0
210 7.054028e-01 -0.359968 0
211 7.049424e-01 -0.514213 0
212 7.048143e-01 -0.67012 0
213 7.064321e-01 -0.831896 0
214 3.900220e+01 -0.5 0
215 3.900660e+01 0 0
216 3.900190e+01 0.5 0
217 3.801491e+01 0.5 0
218 3.802229e+01 0 0
219 3.801550e+01 -0.5 0
220 3.704345e+01 0.5 0
221 3.705215e+01 0 0
222 3.704431e+01 -0.5 0
223 1.469391e+00 0.292224 0
224 1.470146e+00 0.415635 0
225 1.496541e+00 0.545925 0
226 1.476192e+00 0.740141 0
227 3.609037e+01 -0.5 0
228 3.609856e+01 0 0
229 3.608922e+01 0.5 0
230 3.515289e+01 0.5 0
231 3.516250e+01 0 0
232 3.515432e+01 -0.5 0
233 3.423452e+01 0.5 0
234 3.424424e+01 0 0
235 3.423622e+01 -0.5 0
236 3.333395e+01 0.5 0
237 3.334371e+01 0 0
238 3.333593e+01 -0.5 0
239 3.245098e+01 0.5 0
240 3.246071e+01 0 0
241 3.245319e+01 -0.5 0
242 3.158526e+01 0.5 0
243 3.159496e+01 0 0
244 3.158771e+01 -0.5 0
245 3.073650e+01 0.5 0
246 3.074617e+01 0 0
247 3.073921e+01 -0.5 0
248 2.990436e+01 0.5 0
249 2.991401e+01 0 0
250 2.990734e+01 -0.5 0
251 2.908853e+01 0.5 0
252 2.909815e+01 0 0
253 2.909177e+01 -0.5 0
254 2.828873e+01 0.5 0
255 2.829829e+01 0 0
256 2.829218e+01 -0.5 0
257 2.750458e+01 0.5 0
258 2.751411e+01 0 0
259 2.750825e+01 -0.5 0
260 2.673580e+01 0.5 0
261 2.674530e+01 0 0
262 2.673972e+01 -0.5 0
263 2.598212e+01 0.5 0
264 2.599157e+01 0 0
265 2.598623e+01 -0.5 0
266 2.524320e+01 0.5 0
267 2.525262e+01 0 0
268 2.524754e+01 -0.5 0
269 2.451878e+01 0.5 0
270 2.452816e+01 0 0
271 2.452333e+01 -0.5 0
272 2.380856e+01 0.5 0
273 2.381790e+01 0 0
274 2.381331e+01 -0.5 0
275 1.471449e+00 -0.402391 0
276 1.503046e+00 -0.555257 0
277 1.505425e+00 -0.766205 0
278 2.311721e+01 -0.5 0
279 2.312157e+01 0 0
280 2.311226e+01 0.5 0
281 2.242963e+01 0.5 0
282 2.243889e+01 0 0
283 2.243478e+01 -0.5 0
284 2.176036e+01 0.5 0
285 2.176959e+01 0 0
286 2.176570e+01 -0.5 0
287 2.110421e+01 0.5 0
288 2.111342e+01 0 0
289 2.110975e+01 -0.5 0
290 2.046096e+01 0.5 0
291 2.047012e+01 0 0
292 2.046667e+01 -0.5 0
293 1.983030e+01 0.5 0
294 1.983944e+01 0 0
295 1.983620e+01 -0.5 0
296 1.921202e+01 0.5 0
297 1.922112e+01 0 0
298 1.921811e+01 -0.5 0
299 1.860585e+01 0.5 0
300 1.861492e+01 0 0
301 1.861211e+01 -0.5 0
302 1.801155e+01 0.5 0
303 1.802061e+01 0 0
304 1.801802e+01 -0.5 0
305 1.742893e+01 0.5 0
306 1.743795e+01 0 0
307 1.743554e+01 -0.5 0
308 1.685772e+01 0.5 0
309 1.686671e+01 0 0
310 1.686451e+01 -0.5 0
311 1.629772e+01 0.5 0
312 1.630668e+01 0 0
313 1.630467e+01 -0.5 0
314 1.574869e+01 0.5 0
315 1.575763e+01 0 0
316 1.575580e+01 -0.5 0
317 1.521041e+01 0.5 0
318 1.521933e+01 0 0
319 1.521770e+01 -0.5 0
320 1.468271e+01 0.5 0
321 1.469160e+01 0 0
322 1.469015e+01 -0.5 0
323 1.416533e+01 0.5 0
324 1.417420e+01 0 0
325 1.417292e+01 -0.5 0
326 1.365812e+01 0.5 0
327 1.366694e+01 0 0
328 1.366584e+01 -0.5 0
329 5.044733e+00 -0.667723 0
330 5.048394e+00 -0.335187 0
331 5.047070e+00 -0.002172 0
332 5.041185e+00 0.331441 0
333 5.030693e+00 0.665581 0
334 1.316869e+01 -0.5 0
335 1.316959e+01 0 0
336 1.316080e+01 0.5 0
337 5.380136e+00 -0.667298 0
338 5.384630e+00 -0.33444 0
339 5.383731e+00 -0.0012979 0
340 5.377711e+00 0.332197 0
341 5.366438e+00 0.666008 0
342 5.721498e+00 -0.667028 0
343 5.726255e+00 -0.333979 0
344 5.725508e+00 -0.0007765 0
345 5.719489e+00 0.332635 0
346 5.708016e+00 0.666254 0
347 1.268124e+01 -0.499999 0
348 1.268194e+01 0 0
349 1.267321e+01 0.499999 0
350 6.068928e+00 -0.666835 0
351 6.073382e+00 -0.333672 0
352 6.072554e+00 -0.0004648 0
353 6.066717e+00 0.332868 0
354 6.055617e+00 0.666371 0
355 1.220324e+01 -0.499997 0
356 1.220371e+01 0 0
357 1.219508e+01 0.499997 0
358 6.422351e+00 -0.66664 0
359 6.425787e+00 -0.333411 0
360 6.424607e+00 -0.0002783 0
361 6.419206e+00 0.332929 0
362 6.409195e+00 0.666362 0
363 1.173442e+01 -0.499989 0
364 1.173458e+01 -1e-07 0
365 1.172612e+01 0.499989 0
366 6.781449e+00 -0.666316 0
367 6.782804e+00 -0.333053 0
368 6.780879e+00 -0.0001666 0
369 6.776304e+00 0.332765 0
370 6.768446e+00 0.666149 0
371 1.127436e+01 -0.499958 0
372 1.127405e+01 -1e-07 0
373 1.126592e+01 0.499958 0
374 7.145538e+00 -0.66557 0
375 7.143099e+00 -0.332319 0
376 7.139798e+00 -9.99e-05 0
377 7.136685e+00 0.332147 0
378 7.132693e+00 0.66547 0
379 1.082238e+01 -0.499843 0
380 1.082134e+01 -3e-07 0
381 1.081383e+01 0.499843 0
382 7.513403e+00 -0.663643 0
383 7.504253e+00 -0.330556 0
384 7.498526e+00 -5.99e-05 0
385 7.497945e+00 0.330452 0
386 7.500740e+00 0.663583 0
387 7.883140e+00 -0.658448 0
388 7.861983e+00 -0.3262 0
389 7.852104e+00 -3.61e-05 0
390 7.855829e+00 0.326137 0
391 7.870722e+00 0.658412 0
392 1.037724e+01 -0.499414 0
393 1.037508e+01 -6e-07 0
394 1.036855e+01 0.499413 0
395 8.252483e+00 -0.643948 0
396 8.208434e+00 -0.31576 0
397 8.192078e+00 -2.2e-05 0
398 8.202543e+00 0.315722 0
399 8.240480e+00 0.643925 0
400 8.621977e+00 -0.601582 0
401 9.012321e+00 -0.46951 0
402 9.490471e+00 -0.491831 0
403 9.935990e+00 -0.497811 0
404 9.927204e+00 0.49781 0
405 9.933189e+00 -1.3e-06 0
406 8.610892e+00 0.601568 0
407 9.003783e+00 0.469501 0
408 9.481663e+00 0.491827 0
409 9.494484e+00 -2.6e-06 0
410 8.505229e+00 -1.38e-05 0
411 8.779861e+00 -9e-06 0
412 9.072612e+00 -5.2e-06 0
413 8.527191e+00 -0.292872 0
414 8.773124e+00 -0.25413 0
415 8.521785e+00 0.292847 0
416 8.768476e+00 0.254113 0
417 4.715025e+00 -0.668409 0
418 4.717132e+00 -0.336413 0
419 4.714961e+00 -0.0036451 0
420 4.709256e+00 0.330158 0
421 4.700316e+00 0.664875 0
422 4.390598e+00 -0.669501 0
423 4.390138e+00 -0.33841 0
424 4.386374e+00 -0.0061543 0
425 4.380555e+00 0.327959 0
426 4.374421e+00 0.66376 0
427 1.753428e+00 -0.750835 0
428 1.724084e+00 -0.490011 0
429 1.758919e+00 -0.262663 0
430 1.705607e+00 -0.0399022 0
431 1.691209e+00 0.228808 0
432 1.695717e+00 0.480071 0
433 1.727595e+00 0.740335 0
434 4.070918e+00 -0.671188 0
435 4.066430e+00 -0.341576 0
436 4.059826e+00 -0.0105231 0
437 4.052153e+00 0.32407 0
438 4.051429e+00 0.662207 0
439 2.020449e+00 -0.747331 0
440 2.004560e+00 -0.495985 0
441 2.000742e+00 -0.256319 0
442 1.981880e+00 -0.018384 0
443 1.974870e+00 0.232224 0
444 1.980798e+00 0.484278 0
445 1.997312e+00 0.741128 0
446 2.291220e+00 -0.742644 0
447 2.564827e+00 -0.732892 0
448 2.843741e+00 -0.714114 0
449 3.134609e+00 -0.684635 0
450 3.443192e+00 -0.677344 0
451 3.755344e+00 -0.673679 0
452 3.728954e+00 0.660998 0
453 3.716780e+00 0.316633 0
454 3.734318e+00 -0.0184375 0
455 3.744813e+00 -0.34619 0
456 2.270666e+00 0.739894 0
457 2.545493e+00 0.734757 0
458 2.822908e+00 0.722772 0
459 3.106906e+00 0.699678 0
460 3.406429e+00 0.665144 0
461 3.423134e+00 -0.351074 0
462 3.415814e+00 -0.0336827 0
463 3.351651e+00 0.299892 0
464 2.272791e+00 -0.490444 0
465 2.537823e+00 -0.47487 0
466 2.803704e+00 -0.438966 0
467 3.088654e+00 -0.347104 0
468 2.257419e+00 -0.248385 0
469 2.246132e+00 -0.0096256 0
470 2.245462e+00 0.234153 0
471 2.255211e+00 0.483671 0
472 2.499618e+00 -0.0059558 0
473 2.736773e+00 -0.0073469 0
474 2.949786e+00 -0.0203138 0
475 3.154093e+00 -0.0651321 0
476 2.505519e+00 0.230302 0
477 2.523873e+00 0.476345 0
478 2.753026e+00 0.216634 0
479 2.789230e+00 0.456636 0
480 3.057083e+00 0.410785 0
481 2.980503e+00 0.186919 0
482 3.162082e+00 0.14056 0
483 2.509856e+00 -0.237251 0
484 2.744507e+00 -0.219822 0
485 2.927649e+00 -0.195746 0
486 1.604901e+00 -0.264797 0
487 1.600145e+00 -0.385733 0
488 1.593914e+00 -0.146113 0
489 1.580983e+00 0.307346 0
490 1.582282e+00 0.401017 0
491 8.593575e-01 -0.372665 0
492 1.012343e+00 -0.382173 0
493 1.163477e+00 -0.391636 0
494 1.315914e+00 -0.404098 0
495 8.621104e-01 -0.520825 0
496 8.691417e-01 -0.671372 0
497 8.844131e-01 -0.829134 0
498 1.066478e+00 -0.813357 0
499 1.265125e+00 -0.75892 0
500 1.014905e+00 -0.525327 0
501 1.025159e+00 -0.665608 0
502 1.159891e+00 -0.533 0
503 1.310994e+00 -0.562819 0
504 1.150058e+00 -0.652509 0
505 7.184156e-01 0.26191 0
506 7.295322e-01 0.421538 0
507 7.336978e-01 0.578514 0
508 7.126368e-01 0.753205 0
509 1.332204e+00 0.423447 0
510 1.186972e+00 0.448635 0
511 1.035533e+00 0.423087 0
512 8.845890e-01 0.420909 0
513 9.028806e-01 0.577188 0
514 9.460083e-01 0.751176 0
515 1.203202e+00 0.674333 0
516 1.343983e+00 0.547902 0
517 1.047205e+00 0.558203 0
518 1.327600e+00 0.281687 0
519 8.703977e-01 0.261869 0
520 1.176894e+00 0.273745 0
521 1.023334e+00 0.264675 0
522 5.699673e-01 0.26429 0
523 4.240656e-01 0.270384 0
524 2.780677e-01 0.265651 0
525 1.308780e-01 0.264213 0
526 2.132167e-01 0.764873 0
527 4.540791e-01 0.683163 0
528 1.309710e-01 0.427699 0
529 1.577945e-01 0.59023 0
530 5.814178e-01 0.4249 0
531 4.364423e-01 0.451615 0
532 2.862098e-01 0.428023 0
533 2.993612e-01 0.567139 0
534 5.897315e-01 0.562192 0
535 5.534696e-01 -0.353276 0
536 4.051251e-01 -0.346987 0
537 2.629275e-01 -0.340358 0
538 1.304924e-01 -0.338384 0
539 5.473524e-01 -0.506248 0
540 5.386714e-01 -0.663237 0
541 5.307562e-01 -0.828434 0
542 3.565285e-01 -0.818626 0
543 1.811722e-01 -0.797901 0
544 3.922996e-01 -0.494371 0
545 3.717437e-01 -0.648219 0
546 1.994710e-01 -0.616661 0
547 2.449630e-01 -0.476089 0
548 1.251518e-01 -0.452976 0
549 -1.067916e+00 0.703586 0
550 -1.064210e+00 0.403311 0
551 -1.505725e+00 0.701177 0
552 -1.504984e+00 0.401122 0
553 -2.000000e+00 0 0
554 -1.450000e+00 0 0
555 -1.000000e+00 0 0
556 -6.666667e-01 0 0
557 -3.750000e-01 0 0
558 -1.500000e-01 0 0
559 -7.500000e-02 0 0
560 0.000000e+00 0 0
561 0.000000e+00 -0.05 0
562 0.000000e+00 -0.1 0
563 1.338880e-01 -0.1 0
564 1.338880e-01 0 0
565 6.694400e-02 0 0
566 6.694400e-02 -0.05 0
567 1.110220e-16 0.05 0
568 -7.500000e-02 0.05 0
569 6.694400e-02 0.05 0
570 2.711230e-01 -0.1 0
571 2.711230e-01 0 0
572 4.117900e-01 -0.1 0
573 4.117900e-01 0 0
574 5.559730e-01 -0.1 0
575 5.559730e-01 0 0
576 7.037600e-01 -0.1 0
577 7.037600e-01 0 0
578 8.552420e-01 -0.1 0
579 8.552420e-01 0 0
580 1.010510e+00 -0.1 0
581 1.010510e+00 0 0
582 1.169660e+00 -0.1 0
583 1.169660e+00 0 0
584 1.322519e+00 -0.122482 0
585 1.331469e+00 0.003366 0
</NODES>

<ELEMENTS NUMBER=494>
    1	<Q>  208  203  204  205	</Q>
    2	<Q>  207  202  203  208	</Q>
    3	<Q>  208  205  206  207	</Q>
    4	<Q>  209  171  172  201	</Q>
    5	<Q>  207  170  171  209	</Q>
    6	<Q>  209  201  202  207	</Q>
    7	<Q>  200  169  170  207	</Q>
    8	<Q>  207  206  199  200	</Q>
    9	<Q>  206  205  158  159	</Q>
   10	<Q>  159  160  199  206	</Q>
   11	<Q>  205  204  157  158	</Q>
   12	<Q>  216   83   84  217	</Q>
   13	<Q>  215  216  217  218	</Q>
   14	<Q>  214  215  218  219	</Q>
   15	<Q>  219   76   77  214	</Q>
   16	<Q>  217   84   85  220	</Q>
   17	<Q>  218  217  220  221	</Q>
   18	<Q>  219  218  221  222	</Q>
   19	<Q>  222   75   76  219	</Q>
   20	<Q>  229   86   87  230	</Q>
   21	<Q>  228  229  230  231	</Q>
   22	<Q>  227  228  231  232	</Q>
   23	<Q>  232   73   74  227	</Q>
   24	<Q>  230   87   88  233	</Q>
   25	<Q>  231  230  233  234	</Q>
   26	<Q>  232  231  234  235	</Q>
   27	<Q>  235   72   73  232	</Q>
   28	<Q>  233   88   89  236	</Q>
   29	<Q>  234  233  236  237	</Q>
   30	<Q>  235  234  237  238	</Q>
   31	<Q>  238   71   72  235	</Q>
   32	<Q>  236   89   90  239	</Q>
   33	<Q>  237  236  239  240	</Q>
   34	<Q>  238  237  240  241	</Q>
   35	<Q>  241   70   71  238	</Q>
   36	<Q>  239   90   91  242	</Q>
   37	<Q>  240  239  242  243	</Q>
   38	<Q>  241  240  243  244	</Q>
   39	<Q>  244   69   70  241	</Q>
   40	<Q>  242   91   92  245	</Q>
   41	<Q>  243  242  245  246	</Q>
   42	<Q>  244  243  246  247	</Q>
   43	<Q>  247   68   69  244	</Q>
   44	<Q>  245   92   93  248	</Q>
   45	<Q>  246  245  248  249	</Q>
   46	<Q>  247  246  249  250	</Q>
   47	<Q>  250   67   68  247	</Q>
   48	<Q>  248   93   94  251	</Q>
   49	<Q>  249  248  251  252	</Q>
   50	<Q>  250  249  252  253	</Q>
   51	<Q>  253   66   67  250	</Q>
   52	<Q>  251   94   95  254	</Q>
   53	<Q>  252  251  254  255	</Q>
   54	<Q>  253  252  255  256	</Q>
   55	<Q>  256   65   66  253	</Q>
   56	<Q>  254   95   96  257	</Q>
   57	<Q>  255  254  257  258	</Q>
   58	<Q>  256  255  258  259	</Q>
   59	<Q>  259   64   65  256	</Q>
   60	<Q>  257   96   97  260	</Q>
   61	<Q>  258  257  260  261	</Q>
   62	<Q>  259  258  261  262	</Q>
   63	<Q>  262   63   64  259	</Q>
   64	<Q>  260   97   98  263	</Q>
   65	<Q>  261  260  263  264	</Q>
   66	<Q>  262  261  264  265	</Q>
   67	<Q>  265   62   63  262	</Q>
   68	<Q>  263   98   99  266	</Q>
   69	<Q>  264  263  266  267	</Q>
   70	<Q>  265  264  267  268	</Q>
   71	<Q>  268   61   62  265	</Q>
   72	<Q>  266   99  100  269	</Q>
   73	<Q>  267  266  269  270	</Q>
   74	<Q>  268  267  270  271	</Q>
   75	<Q>  271   60   61  268	</Q>
   76	<Q>  269  100  101  272	</Q>
   77	<Q>  270  269  272  273	</Q>
   78	<Q>  271  270  273  274	</Q>
   79	<Q>  274   59   60  271	</Q>
   80	<Q>  280  102  103  281	</Q>
   81	<Q>  279  280  281  282	</Q>
   82	<Q>  278  279  282  283	</Q>
   83	<Q>  283   57   58  278	</Q>
   84	<Q>  281  103  104  284	</Q>
   85	<Q>  282  281  284  285	</Q>
   86	<Q>  283  282  285  286	</Q>
   87	<Q>  286   56   57  283	</Q>
   88	<Q>  284  104  105  287	</Q>
   89	<Q>  285  284  287  288	</Q>
   90	<Q>  286  285  288  289	</Q>
   91	<Q>  289   55   56  286	</Q>
   92	<Q>  287  105  106  290	</Q>
   93	<Q>  288  287  290  291	</Q>
   94	<Q>  289  288  291  292	</Q>
   95	<Q>  292   54   55  289	</Q>
   96	<Q>  290  106  107  293	</Q>
   97	<Q>  291  290  293  294	</Q>
   98	<Q>  292  291  294  295	</Q>
   99	<Q>  295   53   54  292	</Q>
  100	<Q>  293  107  108  296	</Q>
  101	<Q>  294  293  296  297	</Q>
  102	<Q>  295  294  297  298	</Q>
  103	<Q>  298   52   53  295	</Q>
  104	<Q>  296  108  109  299	</Q>
  105	<Q>  297  296  299  300	</Q>
  106	<Q>  298  297  300  301	</Q>
  107	<Q>  301   51   52  298	</Q>
  108	<Q>  299  109  110  302	</Q>
  109	<Q>  300  299  302  303	</Q>
  110	<Q>  301  300  303  304	</Q>
  111	<Q>  304   50   51  301	</Q>
  112	<Q>  302  110  111  305	</Q>
  113	<Q>  303  302  305  306	</Q>
  114	<Q>  304  303  306  307	</Q>
  115	<Q>  307   49   50  304	</Q>
  116	<Q>  305  111  112  308	</Q>
  117	<Q>  306  305  308  309	</Q>
  118	<Q>  307  306  309  310	</Q>
  119	<Q>  310   48   49  307	</Q>
  120	<Q>  308  112  113  311	</Q>
  121	<Q>  309  308  311  312	</Q>
  122	<Q>  310  309  312  313	</Q>
  123	<Q>  313   47   48  310	</Q>
  124	<Q>  311  113  114  314	</Q>
  125	<Q>  312  311  314  315	</Q>
  126	<Q>  313  312  315  316	</Q>
  127	<Q>  316   46   47  313	</Q>
  128	<Q>  314  114  115  317	</Q>
  129	<Q>  315  314  317  318	</Q>
  130	<Q>  316  315  318  319	</Q>
  131	<Q>  319   45   46  316	</Q>
  132	<Q>  317  115  116  320	</Q>
  133	<Q>  318  317  320  321	</Q>
  134	<Q>  319  318  321  322	</Q>
  135	<Q>  322   44   45  319	</Q>
  136	<Q>  320  116  117  323	</Q>
  137	<Q>  321  320  323  324	</Q>
  138	<Q>  322  321  324  325	</Q>
  139	<Q>  325   43   44  322	</Q>
  140	<Q>  323  117  118  326	</Q>
  141	<Q>  327  328  325  324	</Q>
  142	<Q>  324  323  326  327	</Q>
  143	<Q>  328   42   43  325	</Q>
  144	<Q>  337   22   23  342	</Q>
  145	<Q>  338  337  342  343	</Q>
  146	<Q>  339  338  343  344	</Q>
  147	<Q>  340  339  344  345	</Q>
  148	<Q>  341  340  345  346	</Q>
  149	<Q>  346  137  138  341	</Q>
  150	<Q>  382   28   29  387	</Q>
  151	<Q>  383  382  387  388	</Q>
  152	<Q>  384  383  388  389	</Q>
  153	<Q>  385  384  389  390	</Q>
  154	<Q>  386  385  390  391	</Q>
  155	<Q>  391  131  132  386	</Q>
  156	<Q>  405  404  408  409	</Q>
  157	<Q>  409  402  403  405	</Q>
  158	<Q>  414  411  410  413	</Q>
  159	<Q>  401  412  411  414	</Q>
  160	<Q>  414  413  400  401	</Q>
  161	<Q>  401  402  409  412	</Q>
  162	<Q>  396  395  400  413	</Q>
  163	<Q>  413  410  397  396	</Q>
  164	<Q>  398  397  410  415	</Q>
  165	<Q>  415  406  399  398	</Q>
  166	<Q>  416  415  410  411	</Q>
  167	<Q>  407  406  415  416	</Q>
  168	<Q>  416  411  412  407	</Q>
  169	<Q>  412  409  408  407	</Q>
  170	<Q>  128  129  406  407	</Q>
  171	<Q>  407  408  127  128	</Q>
  172	<Q>  129  130  399  406	</Q>
  173	<Q>  408  404  126  127	</Q>
  174	<Q>  394  125  126  404	</Q>
  175	<Q>  393  394  404  405	</Q>
  176	<Q>  405  403  392  393	</Q>
  177	<Q>   34   35  392  403	</Q>
  178	<Q>  402  401   32   33	</Q>
  179	<Q>   33   34  403  402	</Q>
  180	<Q>   31   32  401  400	</Q>
  181	<Q>  400  395   30   31	</Q>
  182	<Q>  387   29   30  395	</Q>
  183	<Q>  388  387  395  396	</Q>
  184	<Q>  389  388  396  397	</Q>
  185	<Q>  390  389  397  398	</Q>
  186	<Q>  391  390  398  399	</Q>
  187	<Q>  399  130  131  391	</Q>
  188	<Q>  393  392  379  380	</Q>
  189	<Q>  394  393  380  381	</Q>
  190	<Q>  381  124  125  394	</Q>
  191	<Q>  392   35   36  379	</Q>
  192	<Q>  374   27   28  382	</Q>
  193	<Q>  375  374  382  383	</Q>
  194	<Q>  376  375  383  384	</Q>
  195	<Q>  377  376  384  385	</Q>
  196	<Q>  378  377  385  386	</Q>
  197	<Q>  386  132  133  378	</Q>
  198	<Q>  380  379  371  372	</Q>
  199	<Q>  381  380  372  373	</Q>
  200	<Q>  373  123  124  381	</Q>
  201	<Q>  379   36   37  371	</Q>
  202	<Q>  366   26   27  374	</Q>
  203	<Q>  367  366  374  375	</Q>
  204	<Q>  368  367  375  376	</Q>
  205	<Q>  369  368  376  377	</Q>
  206	<Q>  370  369  377  378	</Q>
  207	<Q>  378  133  134  370	</Q>
  208	<Q>  372  371  363  364	</Q>
  209	<Q>  373  372  364  365	</Q>
  210	<Q>  365  122  123  373	</Q>
  211	<Q>  371   37   38  363	</Q>
  212	<Q>  358   25   26  366	</Q>
  213	<Q>  359  358  366  367	</Q>
  214	<Q>  360  359  367  368	</Q>
  215	<Q>  361  360  368  369	</Q>
  216	<Q>  362  361  369  370	</Q>
  217	<Q>  370  134  135  362	</Q>
  218	<Q>  364  363  355  356	</Q>
  219	<Q>  365  364  356  357	</Q>
  220	<Q>  357  121  122  365	</Q>
  221	<Q>  363   38   39  355	</Q>
  222	<Q>  350   24   25  358	</Q>
  223	<Q>  351  350  358  359	</Q>
  224	<Q>  352  351  359  360	</Q>
  225	<Q>  353  352  360  361	</Q>
  226	<Q>  354  353  361  362	</Q>
  227	<Q>  362  135  136  354	</Q>
  228	<Q>  356  355  347  348	</Q>
  229	<Q>  357  356  348  349	</Q>
  230	<Q>  349  120  121  357	</Q>
  231	<Q>  355   39   40  347	</Q>
  232	<Q>  342   23   24  350	</Q>
  233	<Q>  343  342  350  351	</Q>
  234	<Q>  344  343  351  352	</Q>
  235	<Q>  345  344  352  353	</Q>
  236	<Q>  346  345  353  354	</Q>
  237	<Q>  354  136  137  346	</Q>
  238	<Q>  348  347  334  335	</Q>
  239	<Q>  349  348  335  336	</Q>
  240	<Q>  336  119  120  349	</Q>
  241	<Q>  347   40   41  334	</Q>
  242	<Q>  329   21   22  337	</Q>
  243	<Q>  330  329  337  338	</Q>
  244	<Q>  331  330  338  339	</Q>
  245	<Q>  332  331  339  340	</Q>
  246	<Q>  333  332  340  341	</Q>
  247	<Q>  341  138  139  333	</Q>
  248	<Q>  336  335  327  326	</Q>
  249	<Q>  326  118  119  336	</Q>
  250	<Q>  328  327  335  334	</Q>
  251	<Q>  334   41   42  328	</Q>
  252	<Q>  418  417  329  330	</Q>
  253	<Q>  419  418  330  331	</Q>
  254	<Q>  420  419  331  332	</Q>
  255	<Q>  421  420  332  333	</Q>
  256	<Q>  333  139  140  421	</Q>
  257	<Q>  417   20   21  329	</Q>
  258	<Q>  423  422  417  418	</Q>
  259	<Q>  424  423  418  419	</Q>
  260	<Q>  425  424  419  420	</Q>
  261	<Q>  426  425  420  421	</Q>
  262	<Q>  421  140  141  426	</Q>
  263	<Q>  422   19   20  417	</Q>
  264	<Q>  463  462  454  453	</Q>
  265	<Q>  453  452  460  463	</Q>
  266	<Q>  455  454  462  461	</Q>
  267	<Q>  461  450  451  455	</Q>
  268	<Q>  466  465  447  448	</Q>
  269	<Q>  467  466  448  449	</Q>
  270	<Q>  449  450  461  467	</Q>
  271	<Q>  446  447  465  464	</Q>
  272	<Q>  464  440  439  446	</Q>
  273	<Q>  469  470  443  442	</Q>
  274	<Q>  468  469  442  441	</Q>
  275	<Q>  441  440  464  468	</Q>
  276	<Q>  444  443  470  471	</Q>
  277	<Q>  471  456  445  444	</Q>
  278	<Q>  470  469  472  476	</Q>
  279	<Q>  471  470  476  477	</Q>
  280	<Q>  477  457  456  471	</Q>
  281	<Q>  478  479  477  476	</Q>
  282	<Q>  476  472  473  478	</Q>
  283	<Q>  479  458  457  477	</Q>
  284	<Q>  459  458  479  480	</Q>
  285	<Q>  480  463  460  459	</Q>
  286	<Q>  482  481  474  475	</Q>
  287	<Q>  463  480  481  482	</Q>
  288	<Q>  482  475  462  463	</Q>
  289	<Q>  478  473  474  481	</Q>
  290	<Q>  481  480  479  478	</Q>
  291	<Q>  485  474  473  484	</Q>
  292	<Q>  467  475  474  485	</Q>
  293	<Q>  485  484  466  467	</Q>
  294	<Q>  483  465  466  484	</Q>
  295	<Q>  484  473  472  483	</Q>
  296	<Q>  467  461  462  475	</Q>
  297	<Q>  468  464  465  483	</Q>
  298	<Q>  483  472  469  468	</Q>
  299	<Q>  457  458  146  147	</Q>
  300	<Q>  456  457  147  148	</Q>
  301	<Q>  148  149  445  456	</Q>
  302	<Q>  145  146  458  459	</Q>
  303	<Q>  144  145  459  460	</Q>
  304	<Q>  460  452  143  144	</Q>
  305	<Q>  452  453  437  438	</Q>
  306	<Q>  438  142  143  452	</Q>
  307	<Q>  436  437  453  454	</Q>
  308	<Q>  435  436  454  455	</Q>
  309	<Q>  455  451  434  435	</Q>
  310	<Q>  449  448   14   15	</Q>
  311	<Q>   15   16  450  449	</Q>
  312	<Q>  448  447   13   14	</Q>
  313	<Q>  451  450   16   17	</Q>
  314	<Q>   17   18  434  451	</Q>
  315	<Q>   12   13  447  446	</Q>
  316	<Q>  446  439   11   12	</Q>
  317	<Q>  439  440  428  427	</Q>
  318	<Q>  427   10   11  439	</Q>
  319	<Q>  429  428  440  441	</Q>
  320	<Q>  430  429  441  442	</Q>
  321	<Q>  431  430  442  443	</Q>
  322	<Q>  432  431  443  444	</Q>
  323	<Q>  433  432  444  445	</Q>
  324	<Q>  445  149  150  433	</Q>
  325	<Q>  435  434  422  423	</Q>
  326	<Q>  436  435  423  424	</Q>
  327	<Q>  437  436  424  425	</Q>
  328	<Q>  438  437  425  426	</Q>
  329	<Q>  426  141  142  438	</Q>
  330	<Q>  434   18   19  422	</Q>
  331	<Q>  276  277  427  428	</Q>
  332	<Q>  487  486  185  275	</Q>
  333	<Q>  428  429  486  487	</Q>
  334	<Q>  487  275  276  428	</Q>
  335	<Q>  488  184  185  486	</Q>
  336	<Q>  430  183  184  488	</Q>
  337	<Q>  488  486  429  430	</Q>
  338	<Q>  277    9   10  427	</Q>
  339	<Q>  431  489  223  182	</Q>
  340	<Q>  182  183  430  431	</Q>
  341	<Q>  432  433  226  225	</Q>
  342	<Q>  490  224  223  489	</Q>
  343	<Q>  432  225  224  490	</Q>
  344	<Q>  490  489  431  432	</Q>
  345	<Q>  433  150  151  226	</Q>
  346	<Q>  272  101  102  280	</Q>
  347	<Q>  273  272  280  279	</Q>
  348	<Q>  274  273  279  278	</Q>
  349	<Q>  278   58   59  274	</Q>
  350	<Q>  501  500  495  496	</Q>
  351	<Q>  496  497  498  501	</Q>
  352	<Q>  500  492  491  495	</Q>
  353	<Q>  493  492  500  502	</Q>
  354	<Q>  494  493  502  503	</Q>
  355	<Q>  503  276  275  494	</Q>
  356	<Q>  499  277  276  503	</Q>
  357	<Q>  504  502  500  501	</Q>
  358	<Q>  499  503  502  504	</Q>
  359	<Q>  504  501  498  499	</Q>
  360	<Q>  499  498    7    8	</Q>
  361	<Q>    8    9  277  499	</Q>
  362	<Q>  498  497    6    7	</Q>
  363	<Q>  496  495  211  212	</Q>
  364	<Q>  497  496  212  213	</Q>
  365	<Q>  213    5    6  497	</Q>
  366	<Q>  495  491  210  211	</Q>
  367	<Q>  189  190  210  491	</Q>
  368	<Q>  187  188  492  493	</Q>
  369	<Q>  493  494  186  187	</Q>
  370	<Q>  188  189  491  492	</Q>
  371	<Q>  494  275  185  186	</Q>
  372	<Q>  220   85   86  229	</Q>
  373	<Q>  221  220  229  228	</Q>
  374	<Q>  222  221  228  227	</Q>
  375	<Q>  227   74   75  222	</Q>
  376	<Q>  507  506  512  513	</Q>
  377	<Q>  508  507  513  514	</Q>
  378	<Q>  514  153  154  508	</Q>
  379	<Q>  152  153  514  515	</Q>
  380	<Q>  515  226  151  152	</Q>
  381	<Q>  516  509  224  225	</Q>
  382	<Q>  515  510  509  516	</Q>
  383	<Q>  516  225  226  515	</Q>
  384	<Q>  517  513  512  511	</Q>
  385	<Q>  515  514  513  517	</Q>
  386	<Q>  517  511  510  515	</Q>
  387	<Q>  223  224  509  518	</Q>
  388	<Q>  518  181  182  223	</Q>
  389	<Q>  520  510  511  521	</Q>
  390	<Q>  521  179  180  520	</Q>
  391	<Q>  519  178  179  521	</Q>
  392	<Q>  521  511  512  519	</Q>
  393	<Q>  518  509  510  520	</Q>
  394	<Q>  520  180  181  518	</Q>
  395	<Q>  505  177  178  519	</Q>
  396	<Q>  519  512  506  505	</Q>
  397	<Q>  523  524  174  175	</Q>
  398	<Q>  175  176  522  523	</Q>
  399	<Q>  524  525  173  174	</Q>
  400	<Q>  176  177  505  522	</Q>
  401	<Q>  525  201  172  173	</Q>
  402	<Q>  533  529  528  532	</Q>
  403	<Q>  527  526  529  533	</Q>
  404	<Q>  533  532  531  527	</Q>
  405	<Q>  534  530  506  507	</Q>
  406	<Q>  527  531  530  534	</Q>
  407	<Q>  534  507  508  527	</Q>
  408	<Q>  522  505  506  530	</Q>
  409	<Q>  523  522  530  531	</Q>
  410	<Q>  524  523  531  532	</Q>
  411	<Q>  532  528  525  524	</Q>
  412	<Q>  202  201  525  528	</Q>
  413	<Q>  203  202  528  529	</Q>
  414	<Q>  529  526  204  203	</Q>
  415	<Q>  156  157  204  526	</Q>
  416	<Q>  155  156  526  527	</Q>
  417	<Q>  527  508  154  155	</Q>
  418	<Q>  215  214   79   80	</Q>
  419	<Q>  216  215   80   81	</Q>
  420	<Q>   81   82   83  216	</Q>
  421	<Q>  214   77   78   79	</Q>
  422	<Q>  211  210  535  539	</Q>
  423	<Q>  212  211  539  540	</Q>
  424	<Q>  213  212  540  541	</Q>
  425	<Q>  541    4    5  213	</Q>
  426	<Q>  542  543    2    3	</Q>
  427	<Q>    3    4  541  542	</Q>
  428	<Q>  543  198    1    2	</Q>
  429	<Q>  543  542  545  546	</Q>
  430	<Q>  546  197  198  543	</Q>
  431	<Q>  548  547  537  538	</Q>
  432	<Q>  197  546  547  548	</Q>
  433	<Q>  548  538  196  197	</Q>
  434	<Q>  544  536  537  547	</Q>
  435	<Q>  547  546  545  544	</Q>
  436	<Q>  539  535  536  544	</Q>
  437	<Q>  540  539  544  545	</Q>
  438	<Q>  545  542  541  540	</Q>
  439	<Q>  537  536  192  193	</Q>
  440	<Q>  193  194  538  537	</Q>
  441	<Q>  536  535  191  192	</Q>
  442	<Q>  194  195  196  538	</Q>
  443	<Q>  535  210  190  191	</Q>
  444	<Q>  199  160  161  549	</Q>
  445	<Q>  200  199  549  550	</Q>
  446	<Q>  550  168  169  200	</Q>
  447	<Q>  549  161  162  551	</Q>
  448	<Q>  550  549  551  552	</Q>
  449	<Q>  552  167  168  550	</Q>
  450	<Q>  165  166  167  552	</Q>
  451	<Q>  164  165  552  551	</Q>
  452	<Q>  551  162  163  164	</Q>
  453	<Q>  562  195  194  563	</Q>
  454	<Q>  566  565  560  561	</Q>
  455	<Q>  563  564  565  566	</Q>
  456	<Q>  566  561  562  563	</Q>
  457	<Q>  568  559  560  567	</Q>
  458	<Q>  171  558  559  568	</Q>
  459	<Q>  568  567  172  171	</Q>
  460	<Q>  569  567  560  565	</Q>
  461	<Q>  173  172  567  569	</Q>
  462	<Q>  569  565  564  173	</Q>
  463	<Q>  557  558  171  170	</Q>
  464	<Q>  556  557  170  169	</Q>
  465	<Q>  555  556  169  168	</Q>
  466	<Q>  554  555  168  167	</Q>
  467	<Q>  167  166  553  554	</Q>
  468	<Q>  563  194  193  570	</Q>
  469	<Q>  564  563  570  571	</Q>
  470	<Q>  571  174  173  564	</Q>
  471	<Q>  570  193  192  572	</Q>
  472	<Q>  571  570  572  573	</Q>
  473	<Q>  573  175  174  571	</Q>
  474	<Q>  572  192  191  574	</Q>
  475	<Q>  573  572  574  575	</Q>
  476	<Q>  575  176  175  573	</Q>
  477	<Q>  574  191  190  576	</Q>
  478	<Q>  575  574  576  577	</Q>
  479	<Q>  577  177  176  575	</Q>
  480	<Q>  576  190  189  578	</Q>
  481	<Q>  577  576  578  579	</Q>
  482	<Q>  579  178  177  577	</Q>
  483	<Q>  578  189  188  580	</Q>
  484	<Q>  579  578  580  581	</Q>
  485	<Q>  581  179  178  579	</Q>
  486	<Q>  580  188  187  582	</Q>
  487	<Q>  581  580  582  583	</Q>
  488	<Q>  583  180  179  581	</Q>
  489	<Q>  582  187  186  584	</Q>
  490	<Q>  583  582  584  585	</Q>
  491	<Q>  585  181  180  583	</Q>
  492	<Q>  183  182  181  585	</Q>
  493	<Q>  184  183  585  584	</Q>
  494	<Q>  584  186  185  184	</Q>
</ELEMENTS>

<SURFACES NUMBER=180>
1	9	3	<B> w </B>
2	10	1	<B> w </B>
3	11	3	<B> w </B>
4	12	2	<B> w </B>
5	15	2	<B> w </B>
6	16	2	<B> w </B>
7	19	2	<B> w </B>
8	20	2	<B> w </B>
9	23	2	<B> w </B>
10	24	2	<B> w </B>
11	27	2	<B> w </B>
12	28	2	<B> w </B>
13	31	2	<B> w </B>
14	32	2	<B> w </B>
15	35	2	<B> w </B>
16	36	2	<B> w </B>
17	39	2	<B> w </B>
18	40	2	<B> w </B>
19	43	2	<B> w </B>
20	44	2	<B> w </B>
21	47	2	<B> w </B>
22	48	2	<B> w </B>
23	51	2	<B> w </B>
24	52	2	<B> w </B>
25	55	2	<B> w </B>
26	56	2	<B> w </B>
27	59	2	<B> w </B>
28	60	2	<B> w </B>
29	63	2	<B> w </B>
30	64	2	<B> w </B>
31	67	2	<B> w </B>
32	68	2	<B> w </B>
33	71	2	<B> w </B>
34	72	2	<B> w </B>
35	75	2	<B> w </B>
36	76	2	<B> w </B>
37	79	2	<B> w </B>
38	80	2	<B> w </B>
39	83	2	<B> w </B>
40	84	2	<B> w </B>
41	87	2	<B> w </B>
42	88	2	<B> w </B>
43	91	2	<B> w </B>
44	92	2	<B> w </B>
45	95	2	<B> w </B>
46	96	2	<B> w </B>
47	99	2	<B> w </B>
48	100	2	<B> w </B>
49	103	2	<B> w </B>
50	104	2	<B> w </B>
51	107	2	<B> w </B>
52	108	2	<B> w </B>
53	111	2	<B> w </B>
54	112	2	<B> w </B>
55	115	2	<B> w </B>
56	116	2	<B> w </B>
57	119	2	<B> w </B>
58	120	2	<B> w </B>
59	123	2	<B> w </B>
60	124	2	<B> w </B>
61	127	2	<B> w </B>
62	128	2	<B> w </B>
63	131	2	<B> w </B>
64	132	2	<B> w </B>
65	135	2	<B> w </B>
66	136	2	<B> w </B>
67	139	2	<B> w </B>
68	140	2	<B> w </B>
69	143	2	<B> w </B>
70	144	2	<B> w </B>
71	149	2	<B> w </B>
72	150	2	<B> w </B>
73	155	2	<B> w </B>
74	170	1	<B> w </B>
75	171	3	<B> w </B>
76	172	1	<B> w </B>
77	173	3	<B> w </B>
78	174	2	<B> w </B>
79	177	1	<B> w </B>
80	178	3	<B> w </B>
81	179	1	<B> w </B>
82	180	1	<B> w </B>
83	181	3	<B> w </B>
84	182	2	<B> w </B>
85	187	2	<B> w </B>
86	190	2	<B> w </B>
87	191	2	<B> w </B>
88	192	2	<B> w </B>
89	197	2	<B> w </B>
90	200	2	<B> w </B>
91	201	2	<B> w </B>
92	202	2	<B> w </B>
93	207	2	<B> w </B>
94	210	2	<B> w </B>
95	211	2	<B> w </B>
96	212	2	<B> w </B>
97	217	2	<B> w </B>
98	220	2	<B> w </B>
99	221	2	<B> w </B>
100	222	2	<B> w </B>
101	227	2	<B> w </B>
102	230	2	<B> w </B>
103	231	2	<B> w </B>
104	232	2	<B> w </B>
105	237	2	<B> w </B>
106	240	2	<B> w </B>
107	241	2	<B> w </B>
108	242	2	<B> w </B>
109	247	2	<B> w </B>
110	249	2	<B> w </B>
111	251	2	<B> w </B>
112	256	2	<B> w </B>
113	257	2	<B> w </B>
114	262	2	<B> w </B>
115	263	2	<B> w </B>
116	299	3	<B> w </B>
117	300	3	<B> w </B>
118	301	1	<B> w </B>
119	302	1	<B> w </B>
120	303	1	<B> w </B>
121	304	3	<B> w </B>
122	306	2	<B> w </B>
123	310	3	<B> w </B>
124	311	1	<B> w </B>
125	312	3	<B> w </B>
126	313	3	<B> w </B>
127	314	1	<B> w </B>
128	315	1	<B> w </B>
129	316	3	<B> w </B>
130	318	2	<B> w </B>
131	324	2	<B> w </B>
132	329	2	<B> w </B>
133	330	2	<B> w </B>
134	338	2	<B> w </B>
135	345	2	<B> w </B>
136	346	2	<B> w </B>
137	349	2	<B> w </B>
138	360	3	<B> w </B>
139	361	1	<B> w </B>
140	362	3	<B> w </B>
141	365	2	<B> w </B>
142	372	2	<B> w </B>
143	375	2	<B> w </B>
144	378	2	<B> w </B>
145	379	1	<B> w </B>
146	380	3	<B> w </B>
147	415	1	<B> w </B>
148	416	1	<B> w </B>
149	417	3	<B> w </B>
150	418	3	<B> o </B>
151	419	3	<B> o </B>
152	420	1	<B> o </B>
153	420	2	<B> w </B>
154	421	2	<B> w </B>
155	421	3	<B> o </B>
156	425	2	<B> w </B>
157	426	3	<B> w </B>
158	427	1	<B> w </B>
159	428	2	<B> w </B>
160	428	3	<B> w </B>
161	430	2	<B> w </B>
162	433	3	<B> w </B>
163	442	2	<B> w </B>
164	444	2	<B> w </B>
165	447	2	<B> w </B>
166	450	1	<B> v </B>
167	451	1	<B> v </B>
168	452	2	<B> w </B>
169	452	3	<B> v </B>
170	453	1	<B> w </B>
171	454	3	<B> w </B>
172	456	2	<B> w </B>
173	457	2	<B> w </B>
174	458	2	<B> w </B>
175	463	1	<B> w </B>
176	464	1	<B> w </B>
177	465	1	<B> w </B>
178	466	1	<B> w </B>
179	467	2	<B> v </B>
180	467	3	<B> w </B>
</SURFACES>
