# Backward-facing step.
# Outflow length = 35 step heights (M3)
# 411 elements

<FIELDS NUMBER=3>
	u v p
</FIELDS>

<TOKENS>
	N_SLICE   = 1
	N_BASE    = 2
	N_TIME    = 2
	N_P       = 7
	T_FINAL=50
	D_T       = 0.004
	N_STEP    = int(T_FINAL/D_T)
	Re        = 450
	KINVIS    = 1.0/Re
	CHKPOINT  = 1
	IO_CFL    = 25
	IO_HIS    = 20
	IO_FLD    = N_STEP
	IO_WSS    = IO_FLD
</TOKENS>

<HISTORY NUMBER=3>
1	5	-0.5	0
2	15	0	0
3	30	0	0
</HISTORY>

<GROUPS NUMBER=3>
	1	v	value
	2	w	wall
	3	o	exit
</GROUPS>

<BCS NUMBER=3>
	1	v	3
			<D>	u = 4.0*y*(1-y)		</D>
			<D>	v = 0.0			</D>
			<H>	p = 0			</H>
	2	w	3
			<D>	u = 0.0			</D>
			<D>	v = 0.0			</D>
			<H>	p = 0			</H>
	3	o	3
			<N>	u = 0.0			</N>
			<N>	v = 0.0			</N>
			<D>	p = 0.0			</D>
</BCS>

<NODES NUMBER=492>
1 0.000000 -1 0.0
2 2.639320e-01 -1 0.0
3 5.323510e-01 -1 0.0
4 8.053330e-01 -1 0.0
5 1.082960 -1 0.0
6 1.365300 -1 0.0
7 1.652440 -1 0.0
8 1.944460 -1 0.0
9 2.241450 -1 0.0
10 2.543490 -1 0.0
11 2.850660 -1 0.0
12 3.163050 -1 0.0
13 3.480760 -1 0.0
14 3.803860 -1 0.0
15 4.132460 -1 0.0
16 4.466640 -1 0.0
17 4.806510 -1 0.0
18 5.152150 -1 0.0
19 5.503670 -1 0.0
20 5.861160 -1 0.0
21 6.224740 -1 0.0
22 6.594490 -1 0.0
23 6.970530 -1 0.0
24 7.352960 -1 0.0
25 7.741890 -1 0.0
26 8.137430 -1 0.0
27 8.539700 -1 0.0
28 8.948810 -1 0.0
29 9.364870 -1 0.0
30 9.788010 -1 0.0
31 1.021830e+01 -1 0.0
32 1.065600e+01 -1 0.0
33 1.110110e+01 -1 0.0
34 1.155370e+01 -1 0.0
35 1.201410e+01 -1 0.0
36 1.248220e+01 -1 0.0
37 1.295840e+01 -1 0.0
38 1.344260e+01 -1 0.0
39 1.393500e+01 -1 0.0
40 1.443590e+01 -1 0.0
41 1.494520e+01 -1 0.0
42 1.546320e+01 -1 0.0
43 1.599000e+01 -1 0.0
44 1.652580e+01 -1 0.0
45 1.707060e+01 -1 0.0
46 1.762480e+01 -1 0.0
47 1.818830e+01 -1 0.0
48 1.876150e+01 -1 0.0
49 1.934430e+01 -1 0.0
50 1.993710e+01 -1 0.0
51 2.054000e+01 -1 0.0
52 2.115310e+01 -1 0.0
53 2.177660e+01 -1 0.0
54 2.241080e+01 -1 0.0
55 2.305570e+01 -1 0.0
56 2.371160e+01 -1 0.0
57 2.437860e+01 -1 0.0
58 2.505700e+01 -1 0.0
59 2.574690e+01 -1 0.0
60 2.644850e+01 -1 0.0
61 2.716200e+01 -1 0.0
62 2.788770e+01 -1 0.0
63 2.862580e+01 -1 0.0
64 2.937630e+01 -1 0.0
65 3.013970e+01 -1 0.0
66 3.091600e+01 -1 0.0
67 3.170550e+01 -1 0.0
68 3.250840e+01 -1 0.0
69 3.332500e+01 -1 0.0
70 3.415540e+01 -1 0.0
71 3.500000e+01 -1 0.0
72 3.500000e+01 0 0.0
73 3.500000e+01 1 0.0
74 3.415540e+01 1 0.0
75 3.332500e+01 1 0.0
76 3.250840e+01 1 0.0
77 3.170550e+01 1 0.0
78 3.091600e+01 1 0.0
79 3.013970e+01 1 0.0
80 2.937630e+01 1 0.0
81 2.862580e+01 1 0.0
82 2.788770e+01 1 0.0
83 2.716200e+01 1 0.0
84 2.644850e+01 1 0.0
85 2.574690e+01 1 0.0
86 2.505700e+01 1 0.0
87 2.437860e+01 1 0.0
88 2.371160e+01 1 0.0
89 2.305570e+01 1 0.0
90 2.241080e+01 1 0.0
91 2.177660e+01 1 0.0
92 2.115310e+01 1 0.0
93 2.054000e+01 1 0.0
94 1.993710e+01 1 0.0
95 1.934430e+01 1 0.0
96 1.876150e+01 1 0.0
97 1.818830e+01 1 0.0
98 1.762480e+01 1 0.0
99 1.707060e+01 1 0.0
100 1.652580e+01 1 0.0
101 1.599000e+01 1 0.0
102 1.546320e+01 1 0.0
103 1.494520e+01 1 0.0
104 1.443590e+01 1 0.0
105 1.393500e+01 1 0.0
106 1.344260e+01 1 0.0
107 1.295840e+01 1 0.0
108 1.248220e+01 1 0.0
109 1.201410e+01 1 0.0
110 1.155370e+01 1 0.0
111 1.110110e+01 1 0.0
112 1.065600e+01 1 0.0
113 1.021830e+01 1 0.0
114 9.788010 1 0.0
115 9.364870 1 0.0
116 8.948810 1 0.0
117 8.539700 1 0.0
118 8.137430 1 0.0
119 7.741890 1 0.0
120 7.352960 1 0.0
121 6.970530 1 0.0
122 6.594490 1 0.0
123 6.224740 1 0.0
124 5.861160 1 0.0
125 5.503670 1 0.0
126 5.152150 1 0.0
127 4.806510 1 0.0
128 4.466640 1 0.0
129 4.132460 1 0.0
130 3.803860 1 0.0
131 3.480760 1 0.0
132 3.163050 1 0.0
133 2.850660 1 0.0
134 2.543490 1 0.0
135 2.241450 1 0.0
136 1.944460 1 0.0
137 1.652440 1 0.0
138 1.365300 1 0.0
139 1.082960 1 0.0
140 8.053330e-01 1 0.0
141 5.323510e-01 1 0.0
142 2.639320e-01 1 0.0
143 3.552710e-14 1 0.0
144 -1.945330e-01 1 0.0
145 -4.221370e-01 1 0.0
146 -6.884330e-01 1 0.0
147 -1.000000 1 0.0
148 -1.000000 0.75 0.0
149 -1.000000 0.5 0.0
150 -1.000000 0.25 0.0
151 -1.000000 0 0.0
152 -6.861880e-01 0 0.0
153 -4.194480e-01 0 0.0
154 -1.927200e-01 0 0.0
155 0.000000 0 0.0
156 1.338880e-01 0 0.0
157 2.711230e-01 0 0.0
158 4.117900e-01 0 0.0
159 5.559730e-01 0 0.0
160 7.037600e-01 0 0.0
161 8.552420e-01 0 0.0
162 1.010510 0 0.0
163 1.169660 0 0.0
164 1.332790 0 0.0
165 1.500000 0 0.0
166 1.500000 -0.1 0.0
167 1.500000 -0.2 0.0
168 1.332790 -0.2 0.0
169 1.169660 -0.2 0.0
170 1.010510 -0.2 0.0
171 8.552420e-01 -0.2 0.0
172 7.037600e-01 -0.2 0.0
173 5.559730e-01 -0.2 0.0
174 4.117900e-01 -0.2 0.0
175 2.711230e-01 -0.2 0.0
176 1.338880e-01 -0.2 0.0
177 2.220450e-16 -0.2 0.0
178 1.775770e-16 -0.360212 0.0
179 1.264390e-16 -0.544456 0.0
180 6.763000e-17 -0.756337 0.0
181 -4.307200e-01 0.24522 0.0
182 -4.440880e-01 0.49802 0.0
183 -4.439510e-01 0.74934 0.0
184 2.632150e-01 0.1535 0.0
185 2.576440e-01 0.31085 0.0
186 2.893200e-01 0.49482 0.0
187 2.847660e-01 0.74275 0.0
188 5.149960e-02 0.51117 0.0
189 -1.852310e-01 0.49828 0.0
190 -1.507660e-01 0.23409 0.0
191 6.781210e-02 0.30032 0.0
192 1.130570e-01 0.14507 0.0
193 -1.256960e-02 0.12639 0.0
194 -1.972840e-01 0.74965 0.0
195 3.474540e-02 0.75089 0.0
196 4.140490 -0.666532 0.0
197 4.144580 -0.333159 0.0
198 4.145910 0 0.0
199 4.144580 0.33317 0.0
200 4.140470 0.66654 0.0
201 5.700270e-01 -0.36147 0.0
202 5.787070e-01 -0.528457 0.0
203 5.475780e-01 -0.728223 0.0
204 1.361660 -0.370564 0.0
205 1.389860 -0.543818 0.0
206 1.370650 -0.74471 0.0
207 8.045680e-01 -0.730336 0.0
208 1.092650 -0.686402 0.0
209 7.252330e-01 -0.347634 0.0
210 7.728420e-01 -0.506488 0.0
211 1.184100 -0.381883 0.0
212 9.829040e-01 -0.419441 0.0
213 8.544600e-01 -0.322358 0.0
214 1.222210 -0.537368 0.0
215 1.539510 -0.356359 0.0
216 1.604410 -0.522441 0.0
217 1.634560 -0.748504 0.0
218 1.447090 0.14592 0.0
219 1.362330 0.29698 0.0
220 1.364080 0.5184 0.0
221 1.366400 0.75464 0.0
222 3.808670 -0.66637 0.0
223 3.810580 -0.332818 0.0
224 3.811680 9e-05 0.0
225 3.810850 0.33296 0.0
226 3.808920 0.66645 0.0
227 3.479860 0.66639 0.0
228 3.476880 0.33232 0.0
229 3.477680 0.00033 0.0
230 3.475880 -0.331769 0.0
231 3.478790 -0.666126 0.0
232 3.150960 0.66707 0.0
233 3.136490 0.3299 0.0
234 3.143670 0.00086 0.0
235 3.134600 -0.32839 0.0
236 3.149140 -0.666341 0.0
237 1.636220 0.03119 0.0
238 1.783580 0.04096 0.0
239 1.949080 0.02245 0.0
240 2.174720 0.01179 0.0
241 2.401110 0.00639 0.0
242 2.604630 0.0037 0.0
243 2.822530 0.00195 0.0
244 1.883560 -0.179058 0.0
245 1.852600 -0.440895 0.0
246 1.910230 -0.726818 0.0
247 2.767320 -0.316118 0.0
248 2.819270 -0.670794 0.0
249 2.208600 -0.717819 0.0
250 2.509130 -0.700653 0.0
251 2.159410 -0.20148 0.0
252 2.171440 -0.443548 0.0
253 2.463630 -0.413807 0.0
254 2.404590 -0.194551 0.0
255 2.592180 -0.168989 0.0
256 1.680790 -0.199404 0.0
257 1.690970 -0.332219 0.0
258 1.647400 -0.085845 0.0
259 1.771510 -0.074648 0.0
260 1.949260 0.21819 0.0
261 1.886980 0.44427 0.0
262 1.922780 0.72782 0.0
263 1.640460 0.74752 0.0
264 1.611120 0.17152 0.0
265 1.773440 0.18704 0.0
266 1.619500 0.50825 0.0
267 1.585680 0.32356 0.0
268 1.748700 0.31829 0.0
269 2.771070 0.3199 0.0
270 2.822040 0.67242 0.0
271 2.217960 0.72031 0.0
272 2.514560 0.70303 0.0
273 2.183060 0.22152 0.0
274 2.190680 0.45138 0.0
275 2.473100 0.41992 0.0
276 2.413980 0.20597 0.0
277 2.596560 0.17652 0.0
278 8.782780e-01 0.15103 0.0
279 8.929050e-01 0.30787 0.0
280 8.471490e-01 0.49501 0.0
281 8.247630e-01 0.7433 0.0
282 1.313550 0.11666 0.0
283 1.182570 0.11513 0.0
284 1.048320 0.13966 0.0
285 1.095320 0.75314 0.0
286 1.121910 0.29269 0.0
287 1.107110 0.51481 0.0
288 1.198740 0.20451 0.0
289 1.291540 0.20605 0.0
290 5.514480e-01 0.72506 0.0
291 4.119620e-01 0.15752 0.0
292 5.622010e-01 0.18208 0.0
293 7.171860e-01 0.15651 0.0
294 5.642580e-01 0.41404 0.0
295 7.247830e-01 0.2928 0.0
296 4.112880e-01 0.29413 0.0
297 2.748340e-01 -0.653891 0.0
298 4.205400e-01 -0.369327 0.0
299 2.757960e-01 -0.39841 0.0
300 1.367100e-01 -0.370393 0.0
301 4.246940e-01 -0.517225 0.0
302 1.371810e-01 -0.522914 0.0
303 1.394660e+01 -0.5 0.0
304 1.395060e+01 0 0.0
305 1.394690e+01 0.5 0.0
306 4.475950 0.66661 0.0
307 4.481090 0.33327 0.0
308 4.482870 -1e-06 0.0
309 4.481410 -0.333271 0.0
310 4.476330 -0.666612 0.0
311 1.345410e+01 -0.500001 0.0
312 1.345800e+01 -1e-06 0.0
313 1.345430e+01 0.5 0.0
314 4.816520 0.66664 0.0
315 4.822240 0.33331 0.0
316 4.824280 -3e-06 0.0
317 4.822730 -0.333312 0.0
318 4.817110 -0.666646 0.0
319 1.296980e+01 -0.500001 0.0
320 1.297360e+01 -1e-06 0.0
321 1.297000e+01 0.5 0.0
322 5.162620 0.66666 0.0
323 5.168660 0.33332 0.0
324 5.170840 -4e-06 0.0
325 5.169200 -0.333327 0.0
326 5.163260 -0.666659 0.0
327 1.249350e+01 -0.5 0.0
328 1.249730e+01 0 0.0
329 1.249360e+01 0.5 0.0
330 5.514510 0.66666 0.0
331 5.520720 0.33332 0.0
332 5.522910 -8e-06 0.0
333 5.521150 -0.333331 0.0
334 5.515020 -0.666661 0.0
335 5.872420 -0.666647 0.0
336 5.878650 -0.333323 0.0
337 5.880570 -2.2e-05 0.0
338 5.878530 0.33329 0.0
339 5.872340 0.66663 0.0
340 1.202510e+01 -0.499992 0.0
341 1.202890e+01 1e-05 0.0
342 1.202530e+01 0.5 0.0
343 6.235530 0.66655 0.0
344 6.241550 0.33318 0.0
345 6.243570 -6.8e-05 0.0
346 6.241800 -0.333282 0.0
347 6.235820 -0.66658 0.0
348 1.156450e+01 -0.499974 0.0
349 1.156820e+01 2e-05 0.0
350 1.156470e+01 0.5 0.0
351 6.604210 0.66628 0.0
352 6.609280 0.33289 0.0
353 6.610870 -0.000132 0.0
354 6.609360 -0.333091 0.0
355 6.604280 -0.666352 0.0
356 1.111140e+01 -0.499933 0.0
357 1.111480e+01 3e-05 0.0
358 1.111140e+01 0.49998 0.0
359 6.977320 0.66555 0.0
360 6.979920 0.33217 0.0
361 6.980450 -0.000193 0.0
362 6.979680 -0.332474 0.0
363 6.977000 -0.665674 0.0
364 1.066520e+01 -0.499815 0.0
365 1.066810e+01 3e-05 0.0
366 1.066500e+01 0.49986 0.0
367 7.353090 0.66362 0.0
368 7.350270 0.33041 0.0
369 7.348740 -0.000223 0.0
370 7.349880 -0.330772 0.0
371 7.352580 -0.663788 0.0
372 7.729040 -0.658617 0.0
373 7.715150 -0.326427 0.0
374 7.709960 -0.00021 0.0
375 7.715080 0.32606 0.0
376 7.728850 0.6584 0.0
377 1.022450e+01 -0.499394 0.0
378 1.022670e+01 2e-05 0.0
379 1.022420e+01 0.49943 0.0
380 8.103480 0.64388 0.0
381 8.066840 0.31559 0.0
382 8.055030 -0.000238 0.0
383 8.066050 -0.315985 0.0
384 8.102460 -0.64409 0.0
385 9.786610 -0.497811 0.0
386 9.788570 -2e-06 0.0
387 9.786300 0.49781 0.0
388 8.475460 -0.601706 0.0
389 8.867960 -0.469594 0.0
390 9.343370 -0.491861 0.0
391 8.475840 0.60151 0.0
392 8.868060 0.46944 0.0
393 9.343320 0.4918 0.0
394 9.352650 -3.9e-05 0.0
395 8.370720 -0.000204 0.0
396 8.644440 -0.000153 0.0
397 8.933270 -8.6e-05 0.0
398 8.387000 -0.29305 0.0
399 8.633130 -0.254266 0.0
400 8.387340 0.29272 0.0
401 8.633280 0.254 0.0
402 1.444780e+01 -0.5 0.0
403 1.445180e+01 0 0.0
404 1.444800e+01 0.5 0.0
405 1.495740e+01 -0.5 0.0
406 1.496150e+01 0 0.0
407 1.495760e+01 0.5 0.0
408 1.547560e+01 -0.5 0.0
409 1.547980e+01 0 0.0
410 1.547580e+01 0.5 0.0
411 1.600260e+01 -0.5 0.0
412 1.600700e+01 0 0.0
413 1.600290e+01 0.5 0.0
414 1.653860e+01 -0.5 0.0
415 1.654300e+01 0 0.0
416 1.653880e+01 0.5 0.0
417 1.708370e+01 -0.5 0.0
418 1.708820e+01 0 0.0
419 1.708390e+01 0.5 0.0
420 1.763810e+01 -0.5 0.0
421 1.764260e+01 0 0.0
422 1.763830e+01 0.5 0.0
423 1.820190e+01 -0.5 0.0
424 1.820650e+01 0 0.0
425 1.820210e+01 0.5 0.0
426 1.877520e+01 -0.5 0.0
427 1.877990e+01 0 0.0
428 1.877550e+01 0.5 0.0
429 1.935830e+01 -0.5 0.0
430 1.936310e+01 0 0.0
431 1.935860e+01 0.5 0.0
432 1.995140e+01 -0.5 0.0
433 1.995620e+01 0 0.0
434 1.995160e+01 0.5 0.0
435 2.055450e+01 -0.5 0.0
436 2.055940e+01 0 0.0
437 2.055470e+01 0.5 0.0
438 2.116790e+01 -0.5 0.0
439 2.117280e+01 0 0.0
440 2.116800e+01 0.5 0.0
441 3.416040e+01 0 0.0
442 2.179170e+01 0.5 0.0
443 2.179670e+01 0 0.0
444 2.179180e+01 -0.5 0.0
445 3.333080e+01 0 0.0
446 2.242610e+01 0.5 0.0
447 2.243120e+01 0 0.0
448 2.242620e+01 -0.5 0.0
449 2.307140e+01 -0.5 0.0
450 2.307660e+01 0 0.0
451 2.307140e+01 0.5 0.0
452 3.251290e+01 0 0.0
453 2.372770e+01 0.5 0.0
454 2.373310e+01 0 0.0
455 2.372780e+01 -0.5 0.0
456 3.170400e+01 0 0.0
457 2.439540e+01 0.5 0.0
458 2.440110e+01 0 0.0
459 2.439550e+01 -0.5 0.0
460 2.507480e+01 -0.5 0.0
461 2.508090e+01 0 0.0
462 2.507480e+01 0.5 0.0
463 3.089210e+01 0 0.0
464 2.576590e+01 0.5 0.0
465 2.577310e+01 0 0.0
466 2.576590e+01 -0.5 0.0
467 2.646870e+01 -0.5 0.0
468 2.647930e+01 0 0.0
469 2.646870e+01 0.5 0.0
470 3.003250e+01 0 0.0
471 2.718080e+01 0.5 0.0
472 2.720630e+01 0 0.0
473 2.718070e+01 -0.5 0.0
474 2.788570e+01 -0.5 0.0
475 2.798400e+01 0 0.0
476 2.788560e+01 0.5 0.0
477 2.895820e+01 0 0.0
478 2.848990e+01 -0.5 0.0
479 2.848990e+01 0.5 0.0
480 -7.121410e-01 0.74961 0.0
481 -7.161310e-01 0.49905 0.0
482 -7.082600e-01 0.24857 0.0
483 0.0 -0.1 0.0
484 1.338880e-01 -0.1 0.0
485 2.711230e-01 -0.1 0.0
486 4.117900e-01 -0.1 0.0
487 5.559730e-01 -0.1 0.0
488 7.037600e-01 -0.1 0.0
489 8.552420e-01 -0.1 0.0
490 1.010510 -0.1 0.0
491 1.169660 -0.1 0.0
492 1.332790 -0.1 0.0
</NODES>

<ELEMENTS NUMBER=411>
    1	<Q>  188  189  190  191	</Q>
    2	<Q>  191  185  186  188	</Q>
    3	<Q>  184  185  191  192	</Q>
    4	<Q>  192  156  157  184	</Q>
    5	<Q>  193  155  156  192	</Q>
    6	<Q>  190  154  155  193	</Q>
    7	<Q>  193  192  191  190	</Q>
    8	<Q>  181  153  154  190	</Q>
    9	<Q>  190  189  182  181	</Q>
   10	<Q>  183  182  189  194	</Q>
   11	<Q>  194  144  145  183	</Q>
   12	<Q>  143  144  194  195	</Q>
   13	<Q>  195  187  142  143	</Q>
   14	<Q>  188  186  187  195	</Q>
   15	<Q>  195  194  189  188	</Q>
   16	<Q>  208  207    4    5	</Q>
   17	<Q>    5    6  206  208	</Q>
   18	<Q>  207  203    3    4	</Q>
   19	<Q>  210  209  201  202	</Q>
   20	<Q>  202  203  207  210	</Q>
   21	<Q>  209  172  173  201	</Q>
   22	<Q>  212  211  169  170	</Q>
   23	<Q>  213  171  172  209	</Q>
   24	<Q>  212  170  171  213	</Q>
   25	<Q>  213  209  210  212	</Q>
   26	<Q>  211  204  168  169	</Q>
   27	<Q>  214  205  204  211	</Q>
   28	<Q>  208  206  205  214	</Q>
   29	<Q>  214  211  212  208	</Q>
   30	<Q>  212  210  207  208	</Q>
   31	<Q>  216  215  204  205	</Q>
   32	<Q>  217  216  205  206	</Q>
   33	<Q>  206    6    7  217	</Q>
   34	<Q>  215  167  168  204	</Q>
   35	<Q>  226  130  131  227	</Q>
   36	<Q>  225  226  227  228	</Q>
   37	<Q>  230  231  222  223	</Q>
   38	<Q>  229  230  223  224	</Q>
   39	<Q>  224  225  228  229	</Q>
   40	<Q>  231   13   14  222	</Q>
   41	<Q>  227  131  132  232	</Q>
   42	<Q>  228  227  232  233	</Q>
   43	<Q>  229  228  233  234	</Q>
   44	<Q>  230  229  234  235	</Q>
   45	<Q>  231  230  235  236	</Q>
   46	<Q>  236   12   13  231	</Q>
   47	<Q>  250  249    9   10	</Q>
   48	<Q>   10   11  248  250	</Q>
   49	<Q>  249  246    8    9	</Q>
   50	<Q>  252  251  244  245	</Q>
   51	<Q>  245  246  249  252	</Q>
   52	<Q>  251  240  239  244	</Q>
   53	<Q>  251  252  253  254	</Q>
   54	<Q>  254  241  240  251	</Q>
   55	<Q>  255  242  241  254	</Q>
   56	<Q>  247  243  242  255	</Q>
   57	<Q>  255  254  253  247	</Q>
   58	<Q>  250  248  247  253	</Q>
   59	<Q>  253  252  249  250	</Q>
   60	<Q>  235  234  243  247	</Q>
   61	<Q>  236  235  247  248	</Q>
   62	<Q>  248   11   12  236	</Q>
   63	<Q>  246  245  216  217	</Q>
   64	<Q>  217    7    8  246	</Q>
   65	<Q>  257  256  167  215	</Q>
   66	<Q>  245  244  256  257	</Q>
   67	<Q>  257  215  216  245	</Q>
   68	<Q>  166  167  256  258	</Q>
   69	<Q>  258  237  165  166	</Q>
   70	<Q>  259  238  237  258	</Q>
   71	<Q>  244  239  238  259	</Q>
   72	<Q>  259  258  256  244	</Q>
   73	<Q>  268  267  264  265	</Q>
   74	<Q>  261  266  267  268	</Q>
   75	<Q>  268  265  260  261	</Q>
   76	<Q>  219  218  264  267	</Q>
   77	<Q>  267  266  220  219	</Q>
   78	<Q>  263  221  220  266	</Q>
   79	<Q>  266  261  262  263	</Q>
   80	<Q>  265  264  237  238	</Q>
   81	<Q>  238  239  260  265	</Q>
   82	<Q>  264  218  165  237	</Q>
   83	<Q>  137  138  221  263	</Q>
   84	<Q>  263  262  136  137	</Q>
   85	<Q>  272  271  274  275	</Q>
   86	<Q>  275  269  270  272	</Q>
   87	<Q>  277  276  241  242	</Q>
   88	<Q>  269  275  276  277	</Q>
   89	<Q>  277  242  243  269	</Q>
   90	<Q>  273  240  241  276	</Q>
   91	<Q>  276  275  274  273	</Q>
   92	<Q>  260  239  240  273	</Q>
   93	<Q>  261  260  273  274	</Q>
   94	<Q>  274  271  262  261	</Q>
   95	<Q>  135  136  262  271	</Q>
   96	<Q>  134  135  271  272	</Q>
   97	<Q>  272  270  133  134	</Q>
   98	<Q>  270  269  233  232	</Q>
   99	<Q>  232  132  133  270	</Q>
  100	<Q>  269  243  234  233	</Q>
  101	<Q>  226  225  199  200	</Q>
  102	<Q>  200  129  130  226	</Q>
  103	<Q>  224  223  197  198	</Q>
  104	<Q>  198  199  225  224	</Q>
  105	<Q>  196  197  223  222	</Q>
  106	<Q>  222   14   15  196	</Q>
  107	<Q>  220  221  285  287	</Q>
  108	<Q>  219  220  287  286	</Q>
  109	<Q>  286  284  283  288	</Q>
  110	<Q>  288  289  219  286	</Q>
  111	<Q>  282  218  219  289	</Q>
  112	<Q>  289  288  283  282	</Q>
  113	<Q>  279  278  284  286	</Q>
  114	<Q>  280  279  286  287	</Q>
  115	<Q>  287  285  281  280	</Q>
  116	<Q>  139  140  281  285	</Q>
  117	<Q>  285  221  138  139	</Q>
  118	<Q>  163  164  282  283	</Q>
  119	<Q>  283  284  162  163	</Q>
  120	<Q>  164  165  218  282	</Q>
  121	<Q>  284  278  161  162	</Q>
  122	<Q>  295  293  278  279	</Q>
  123	<Q>  294  292  293  295	</Q>
  124	<Q>  295  279  280  294	</Q>
  125	<Q>  296  185  184  291	</Q>
  126	<Q>  294  186  185  296	</Q>
  127	<Q>  296  291  292  294	</Q>
  128	<Q>  290  187  186  294	</Q>
  129	<Q>  294  280  281  290	</Q>
  130	<Q>  292  291  158  159	</Q>
  131	<Q>  293  292  159  160	</Q>
  132	<Q>  160  161  278  293	</Q>
  133	<Q>  291  184  157  158	</Q>
  134	<Q>  141  142  187  290	</Q>
  135	<Q>  290  281  140  141	</Q>
  136	<Q>    2    3  203  297	</Q>
  137	<Q>  297  180    1    2	</Q>
  138	<Q>  301  202  201  298	</Q>
  139	<Q>  297  203  202  301	</Q>
  140	<Q>  301  298  299  297	</Q>
  141	<Q>  302  300  178  179	</Q>
  142	<Q>  297  299  300  302	</Q>
  143	<Q>  302  179  180  297	</Q>
  144	<Q>  176  177  178  300	</Q>
  145	<Q>  299  298  174  175	</Q>
  146	<Q>  175  176  300  299	</Q>
  147	<Q>  298  201  173  174	</Q>
  148	<Q>  336  337  332  333	</Q>
  149	<Q>  335  336  333  334	</Q>
  150	<Q>  334   19   20  335	</Q>
  151	<Q>  338  339  330  331	</Q>
  152	<Q>  331  332  337  338	</Q>
  153	<Q>  339  124  125  330	</Q>
  154	<Q>  371   24   25  372	</Q>
  155	<Q>  370  371  372  373	</Q>
  156	<Q>  369  370  373  374	</Q>
  157	<Q>  368  369  374  375	</Q>
  158	<Q>  367  368  375  376	</Q>
  159	<Q>  376  119  120  367	</Q>
  160	<Q>   29   30  385  390	</Q>
  161	<Q>  389  388   27   28	</Q>
  162	<Q>   28   29  390  389	</Q>
  163	<Q>  388  384   26   27	</Q>
  164	<Q>  386  387  393  394	</Q>
  165	<Q>  394  390  385  386	</Q>
  166	<Q>  399  396  395  398	</Q>
  167	<Q>  389  397  396  399	</Q>
  168	<Q>  399  398  388  389	</Q>
  169	<Q>  389  390  394  397	</Q>
  170	<Q>  383  384  388  398	</Q>
  171	<Q>  398  395  382  383	</Q>
  172	<Q>  381  382  395  400	</Q>
  173	<Q>  400  391  380  381	</Q>
  174	<Q>  401  400  395  396	</Q>
  175	<Q>  392  391  400  401	</Q>
  176	<Q>  401  396  397  392	</Q>
  177	<Q>  397  394  393  392	</Q>
  178	<Q>  116  117  391  392	</Q>
  179	<Q>  392  393  115  116	</Q>
  180	<Q>  117  118  380  391	</Q>
  181	<Q>  393  387  114  115	</Q>
  182	<Q>  379  113  114  387	</Q>
  183	<Q>  378  379  387  386	</Q>
  184	<Q>  377  378  386  385	</Q>
  185	<Q>  385   30   31  377	</Q>
  186	<Q>  384  383  373  372	</Q>
  187	<Q>  372   25   26  384	</Q>
  188	<Q>  382  381  375  374	</Q>
  189	<Q>  374  373  383  382	</Q>
  190	<Q>  376  375  381  380	</Q>
  191	<Q>  380  118  119  376	</Q>
  192	<Q>  379  378  365  366	</Q>
  193	<Q>  366  112  113  379	</Q>
  194	<Q>  364  365  378  377	</Q>
  195	<Q>  377   31   32  364	</Q>
  196	<Q>  363   23   24  371	</Q>
  197	<Q>  370  369  361  362	</Q>
  198	<Q>  362  363  371  370	</Q>
  199	<Q>  360  361  369  368	</Q>
  200	<Q>  359  360  368  367	</Q>
  201	<Q>  367  120  121  359	</Q>
  202	<Q>  366  365  357  358	</Q>
  203	<Q>  358  111  112  366	</Q>
  204	<Q>  356  357  365  364	</Q>
  205	<Q>  364   32   33  356	</Q>
  206	<Q>  355   22   23  363	</Q>
  207	<Q>  354  355  363  362	</Q>
  208	<Q>  353  354  362  361	</Q>
  209	<Q>  352  353  361  360	</Q>
  210	<Q>  351  352  360  359	</Q>
  211	<Q>  359  121  122  351	</Q>
  212	<Q>  358  357  349  350	</Q>
  213	<Q>  350  110  111  358	</Q>
  214	<Q>  348  349  357  356	</Q>
  215	<Q>  356   33   34  348	</Q>
  216	<Q>  347   21   22  355	</Q>
  217	<Q>  354  353  345  346	</Q>
  218	<Q>  346  347  355  354	</Q>
  219	<Q>  344  345  353  352	</Q>
  220	<Q>  343  344  352  351	</Q>
  221	<Q>  351  122  123  343	</Q>
  222	<Q>  342  109  110  350	</Q>
  223	<Q>  341  342  350  349	</Q>
  224	<Q>  340  341  349  348	</Q>
  225	<Q>  348   34   35  340	</Q>
  226	<Q>  346  345  337  336	</Q>
  227	<Q>  347  346  336  335	</Q>
  228	<Q>  335   20   21  347	</Q>
  229	<Q>  338  337  345  344	</Q>
  230	<Q>  339  338  344  343	</Q>
  231	<Q>  343  123  124  339	</Q>
  232	<Q>  329  108  109  342	</Q>
  233	<Q>  328  329  342  341	</Q>
  234	<Q>  327  328  341  340	</Q>
  235	<Q>  340   35   36  327	</Q>
  236	<Q>  326   18   19  334	</Q>
  237	<Q>  333  332  324  325	</Q>
  238	<Q>  325  326  334  333	</Q>
  239	<Q>  323  324  332  331	</Q>
  240	<Q>  322  323  331  330	</Q>
  241	<Q>  330  125  126  322	</Q>
  242	<Q>  321  107  108  329	</Q>
  243	<Q>  320  321  329  328	</Q>
  244	<Q>  319  320  328  327	</Q>
  245	<Q>  327   36   37  319	</Q>
  246	<Q>  318   17   18  326	</Q>
  247	<Q>  325  324  316  317	</Q>
  248	<Q>  317  318  326  325	</Q>
  249	<Q>  315  316  324  323	</Q>
  250	<Q>  314  315  323  322	</Q>
  251	<Q>  322  126  127  314	</Q>
  252	<Q>  313  106  107  321	</Q>
  253	<Q>  312  313  321  320	</Q>
  254	<Q>  311  312  320  319	</Q>
  255	<Q>  319   37   38  311	</Q>
  256	<Q>  310   16   17  318	</Q>
  257	<Q>  309  310  318  317	</Q>
  258	<Q>  308  309  317  316	</Q>
  259	<Q>  307  308  316  315	</Q>
  260	<Q>  306  307  315  314	</Q>
  261	<Q>  314  127  128  306	</Q>
  262	<Q>  305  105  106  313	</Q>
  263	<Q>  304  305  313  312	</Q>
  264	<Q>  303  304  312  311	</Q>
  265	<Q>  311   38   39  303	</Q>
  266	<Q>  309  308  198  197	</Q>
  267	<Q>  310  309  197  196	</Q>
  268	<Q>  196   15   16  310	</Q>
  269	<Q>  307  306  200  199	</Q>
  270	<Q>  199  198  308  307	</Q>
  271	<Q>  306  128  129  200	</Q>
  272	<Q>  303   39   40  402	</Q>
  273	<Q>  304  303  402  403	</Q>
  274	<Q>  305  304  403  404	</Q>
  275	<Q>  404  104  105  305	</Q>
  276	<Q>  402   40   41  405	</Q>
  277	<Q>  403  402  405  406	</Q>
  278	<Q>  404  403  406  407	</Q>
  279	<Q>  407  103  104  404	</Q>
  280	<Q>  405   41   42  408	</Q>
  281	<Q>  406  405  408  409	</Q>
  282	<Q>  407  406  409  410	</Q>
  283	<Q>  410  102  103  407	</Q>
  284	<Q>  408   42   43  411	</Q>
  285	<Q>  409  408  411  412	</Q>
  286	<Q>  410  409  412  413	</Q>
  287	<Q>  413  101  102  410	</Q>
  288	<Q>  411   43   44  414	</Q>
  289	<Q>  412  411  414  415	</Q>
  290	<Q>  413  412  415  416	</Q>
  291	<Q>  416  100  101  413	</Q>
  292	<Q>  414   44   45  417	</Q>
  293	<Q>  415  414  417  418	</Q>
  294	<Q>  416  415  418  419	</Q>
  295	<Q>  419   99  100  416	</Q>
  296	<Q>  417   45   46  420	</Q>
  297	<Q>  418  417  420  421	</Q>
  298	<Q>  419  418  421  422	</Q>
  299	<Q>  422   98   99  419	</Q>
  300	<Q>  420   46   47  423	</Q>
  301	<Q>  421  420  423  424	</Q>
  302	<Q>  422  421  424  425	</Q>
  303	<Q>  425   97   98  422	</Q>
  304	<Q>  423   47   48  426	</Q>
  305	<Q>  424  423  426  427	</Q>
  306	<Q>  425  424  427  428	</Q>
  307	<Q>  428   96   97  425	</Q>
  308	<Q>  426   48   49  429	</Q>
  309	<Q>  427  426  429  430	</Q>
  310	<Q>  428  427  430  431	</Q>
  311	<Q>  431   95   96  428	</Q>
  312	<Q>  429   49   50  432	</Q>
  313	<Q>  430  429  432  433	</Q>
  314	<Q>  431  430  433  434	</Q>
  315	<Q>  434   94   95  431	</Q>
  316	<Q>  432   50   51  435	</Q>
  317	<Q>  433  432  435  436	</Q>
  318	<Q>  434  433  436  437	</Q>
  319	<Q>  437   93   94  434	</Q>
  320	<Q>  435   51   52  438	</Q>
  321	<Q>  436  435  438  439	</Q>
  322	<Q>  437  436  439  440	</Q>
  323	<Q>  440   92   93  437	</Q>
  324	<Q>  448   54   55  449	</Q>
  325	<Q>  447  448  449  450	</Q>
  326	<Q>  446  447  450  451	</Q>
  327	<Q>  451   89   90  446	</Q>
  328	<Q>  459   57   58  460	</Q>
  329	<Q>  458  459  460  461	</Q>
  330	<Q>  457  458  461  462	</Q>
  331	<Q>  462   86   87  457	</Q>
  332	<Q>  467  468  465  466	</Q>
  333	<Q>  466   59   60  467	</Q>
  334	<Q>  464  465  468  469	</Q>
  335	<Q>  469   84   85  464	</Q>
  336	<Q>  474  475  472  473	</Q>
  337	<Q>  473   61   62  474	</Q>
  338	<Q>  471  472  475  476	</Q>
  339	<Q>  476   82   83  471	</Q>
  340	<Q>  478  474   62   63	</Q>
  341	<Q>  477  475  474  478	</Q>
  342	<Q>  478   63   64  477	</Q>
  343	<Q>  479   81   82  476	</Q>
  344	<Q>  477   80   81  479	</Q>
  345	<Q>  479  476  475  477	</Q>
  346	<Q>  470   79   80  477	</Q>
  347	<Q>  477   64   65  470	</Q>
  348	<Q>  473  472  468  467	</Q>
  349	<Q>  467   60   61  473	</Q>
  350	<Q>  469  468  472  471	</Q>
  351	<Q>  471   83   84  469	</Q>
  352	<Q>  463   78   79  470	</Q>
  353	<Q>  470   65   66  463	</Q>
  354	<Q>  466  465  461  460	</Q>
  355	<Q>  460   58   59  466	</Q>
  356	<Q>  462  461  465  464	</Q>
  357	<Q>  464   85   86  462	</Q>
  358	<Q>  456   77   78  463	</Q>
  359	<Q>  463   66   67  456	</Q>
  360	<Q>  455   56   57  459	</Q>
  361	<Q>  454  455  459  458	</Q>
  362	<Q>  453  454  458  457	</Q>
  363	<Q>  457   87   88  453	</Q>
  364	<Q>  452   76   77  456	</Q>
  365	<Q>  456   67   68  452	</Q>
  366	<Q>  449   55   56  455	</Q>
  367	<Q>  450  449  455  454	</Q>
  368	<Q>  451  450  454  453	</Q>
  369	<Q>  453   88   89  451	</Q>
  370	<Q>  445   75   76  452	</Q>
  371	<Q>  452   68   69  445	</Q>
  372	<Q>  444   53   54  448	</Q>
  373	<Q>  443  444  448  447	</Q>
  374	<Q>  442  443  447  446	</Q>
  375	<Q>  446   90   91  442	</Q>
  376	<Q>  441   74   75  445	</Q>
  377	<Q>  445   69   70  441	</Q>
  378	<Q>  438   52   53  444	</Q>
  379	<Q>  439  438  444  443	</Q>
  380	<Q>  440  439  443  442	</Q>
  381	<Q>  442   91   92  440	</Q>
  382	<Q>   72   73   74  441	</Q>
  383	<Q>  441   70   71   72	</Q>
  384	<Q>  480  148  149  481	</Q>
  385	<Q>  481  182  183  480	</Q>
  386	<Q>  181  182  481  482	</Q>
  387	<Q>  482  152  153  181	</Q>
  388	<Q>  150  151  152  482	</Q>
  389	<Q>  482  481  149  150	</Q>
  390	<Q>  146  147  148  480	</Q>
  391	<Q>  480  183  145  146	</Q>
  392	<Q>  483  177  176  484	</Q>
  393	<Q>  484  156  155  483	</Q>
  394	<Q>  484  176  175  485	</Q>
  395	<Q>  485  157  156  484	</Q>
  396	<Q>  485  175  174  486	</Q>
  397	<Q>  486  158  157  485	</Q>
  398	<Q>  486  174  173  487	</Q>
  399	<Q>  487  159  158  486	</Q>
  400	<Q>  487  173  172  488	</Q>
  401	<Q>  488  160  159  487	</Q>
  402	<Q>  488  172  171  489	</Q>
  403	<Q>  489  161  160  488	</Q>
  404	<Q>  489  171  170  490	</Q>
  405	<Q>  490  162  161  489	</Q>
  406	<Q>  490  170  169  491	</Q>
  407	<Q>  491  163  162  490	</Q>
  408	<Q>  491  169  168  492	</Q>
  409	<Q>  492  164  163  491	</Q>
  410	<Q>  166  165  164  492	</Q>
  411	<Q>  492  168  167  166	</Q>
</ELEMENTS>

<SURFACES NUMBER=160>
1	383	3	<B>	w	</B>
2	382	1	<B>	w	</B>

3	388	1	<B>	w	</B>
4	389	3	<B>	w	</B>
5	384	2	<B>	w	</B>
6	390	2	<B>	w	</B>

7	388	2	<B>	w	</B>
8	387	2	<B>	w	</B>
9	8	2	<B>	w	</B>
10	6	2	<B>	w	</B>

11	393	3	<B>	w	</B>
12	392	1	<B>	w	</B>

13	144	2	<B>	w	</B>
14	141	3	<B>	w	</B>
15	143	2	<B>	w	</B>
16	137	2	<B>	w	</B>

17	137	3	<B>	w	</B>
18	136	1	<B>	w	</B>
19	18	3	<B>	w	</B>
20	16	3	<B>	w	</B>
21	17	1	<B>	w	</B>
22	33	2	<B>	w	</B>
23	64	2	<B>	w	</B>
24	49	3	<B>	w	</B>
25	47	3	<B>	w	</B>
26	48	1	<B>	w	</B>
27	62	2	<B>	w	</B>
28	46	2	<B>	w	</B>
29	40	2	<B>	w	</B>
30	106	2	<B>	w	</B>
31	268	2	<B>	w	</B>
32	256	2	<B>	w	</B>
33	246	2	<B>	w	</B>
34	236	2	<B>	w	</B>
35	150	2	<B>	w	</B>
36	228	2	<B>	w	</B>
37	216	2	<B>	w	</B>
38	206	2	<B>	w	</B>
39	196	2	<B>	w	</B>
40	154	2	<B>	w	</B>
41	187	2	<B>	w	</B>
42	163	3	<B>	w	</B>
43	161	3	<B>	w	</B>
44	162	1	<B>	w	</B>
45	160	1	<B>	w	</B>
46	185	2	<B>	w	</B>
47	195	2	<B>	w	</B>
48	205	2	<B>	w	</B>
49	215	2	<B>	w	</B>
50	225	2	<B>	w	</B>
51	235	2	<B>	w	</B>
52	245	2	<B>	w	</B>
53	255	2	<B>	w	</B>
54	265	2	<B>	w	</B>
55	272	2	<B>	w	</B>
56	276	2	<B>	w	</B>
57	280	2	<B>	w	</B>
58	284	2	<B>	w	</B>
59	288	2	<B>	w	</B>
60	292	2	<B>	w	</B>
61	296	2	<B>	w	</B>
62	300	2	<B>	w	</B>
63	304	2	<B>	w	</B>
64	308	2	<B>	w	</B>
65	312	2	<B>	w	</B>
66	316	2	<B>	w	</B>
67	320	2	<B>	w	</B>
68	378	2	<B>	w	</B>
69	372	2	<B>	w	</B>
70	324	2	<B>	w	</B>
71	366	2	<B>	w	</B>
72	360	2	<B>	w	</B>
73	328	2	<B>	w	</B>
74	355	2	<B>	w	</B>
75	333	2	<B>	w	</B>
76	349	2	<B>	w	</B>
77	337	2	<B>	w	</B>
78	340	3	<B>	w	</B>
79	342	2	<B>	w	</B>
80	347	2	<B>	w	</B>
81	353	2	<B>	w	</B>
82	359	2	<B>	w	</B>
83	365	2	<B>	w	</B>
84	371	2	<B>	w	</B>
85	377	2	<B>	w	</B>
86	383	2	<B>	w	</B>

87	382	2	<B>	w	</B>
88	376	2	<B>	w	</B>
89	370	2	<B>	w	</B>
90	364	2	<B>	w	</B>
91	358	2	<B>	w	</B>
92	352	2	<B>	w	</B>
93	346	2	<B>	w	</B>
94	344	2	<B>	w	</B>
95	343	2	<B>	w	</B>
96	339	2	<B>	w	</B>
97	351	2	<B>	w	</B>
98	335	2	<B>	w	</B>
99	357	2	<B>	w	</B>
100	331	2	<B>	w	</B>
101	363	2	<B>	w	</B>
102	369	2	<B>	w	</B>
103	327	2	<B>	w	</B>
104	375	2	<B>	w	</B>
105	381	2	<B>	w	</B>
106	323	2	<B>	w	</B>
107	319	2	<B>	w	</B>
108	315	2	<B>	w	</B>
109	311	2	<B>	w	</B>
110	307	2	<B>	w	</B>
111	303	2	<B>	w	</B>
112	299	2	<B>	w	</B>
113	295	2	<B>	w	</B>
114	291	2	<B>	w	</B>
115	287	2	<B>	w	</B>
116	283	2	<B>	w	</B>
117	279	2	<B>	w	</B>
118	275	2	<B>	w	</B>
119	262	2	<B>	w	</B>
120	252	2	<B>	w	</B>
121	242	2	<B>	w	</B>
122	232	2	<B>	w	</B>
123	222	2	<B>	w	</B>
124	213	2	<B>	w	</B>
125	203	2	<B>	w	</B>
126	193	2	<B>	w	</B>
127	182	2	<B>	w	</B>
128	181	3	<B>	w	</B>
129	179	3	<B>	w	</B>
130	178	1	<B>	w	</B>
131	180	1	<B>	w	</B>
132	191	2	<B>	w	</B>
133	159	2	<B>	w	</B>
134	201	2	<B>	w	</B>
135	211	2	<B>	w	</B>
136	221	2	<B>	w	</B>
137	231	2	<B>	w	</B>
138	153	2	<B>	w	</B>
139	241	2	<B>	w	</B>
140	251	2	<B>	w	</B>
141	261	2	<B>	w	</B>
142	271	2	<B>	w	</B>
143	102	2	<B>	w	</B>
144	35	2	<B>	w	</B>
145	41	2	<B>	w	</B>
146	99	2	<B>	w	</B>
147	97	3	<B>	w	</B>
148	96	1	<B>	w	</B>
149	95	1	<B>	w	</B>
150	84	3	<B>	w	</B>
151	83	1	<B>	w	</B>
152	117	3	<B>	w	</B>
153	116	1	<B>	w	</B>
154	135	3	<B>	w	</B>
155	134	1	<B>	w	</B>
156	13	3	<B>	w	</B>
157	12	1	<B>	w	</B>
158	11	2	<B>	w	</B>
159	391	3	<B>	w	</B>
160	390	1	<B>	w	</B>

</SURFACES>
