<USER>
	MASK_LAG 2.*(2.-MASK_DELTA)/N_Z+2.75*y
</USER>

<FIELDS>
	 u v w p
</FIELDS>

<TOKENS>
	CYLINDRICAL = 1
	BETA        = 1.0

	MASK_DELTA  = 16
	MASK_ORDER  = 4

	OMEGA_1     = 1.0
	OMEGA_2     = 0.0
	OMEGA       = 2.0*(1.0+OMEGA_2/OMEGA_1)
	THETA       = 2.5/DEG
	LINEAR      = 0

	KINVIS      = 3.0942e-5
	PERIOD      = TWOPI/OMEGA_1
	STEPS_P     = 20000
	D_T         = PERIOD/STEPS_P
	N_STEP      = 10000
	N_TIME      = 2
	N_P      = 11
	N_Z         = 128

	IO_HIS      = 10
	IO_CFL      = 25
	IO_FLD      = 1000

	AVERAGE     = 0
	ITERATIVE   = 1
	CHKPOINT    = 1

	TOL_REL     = 1e-8
</TOKENS>

<HISTORY NUMBER=3>
	1	0.44444	0.38	0
	2	0.66667	0.0	0
	3	0.02	0.2	0
</HISTORY>

<GROUPS NUMBER=2>
	1	w	wall
	2	a	axis
</GROUPS>

<BCS NUMBER=2>
	1	w	4
			<D>	u = 0.0	        </D>
			<D>	v = 0.0	        </D>
			<D>	w = 0.0		</D>
			<H>	p	        </H>
	2	a	4
			<A>	u	        </A>
			<A>	v	        </A>
			<A>	w	        </A>
			<A>	p	        </A>
</BCS>

<NODES NUMBER=105>
    1	              0              0              0
    2	           0.01              0              0
    3	           0.03              0              0
    4	          0.075              0              0
    5	           0.15              0              0
    6	            0.3              0              0
    7	          0.475              0              0
    8	       0.666667              0              0
    9	       0.858333              0              0
   10	        1.03333              0              0
   11	        1.18333              0              0
   12	        1.25833              0              0
   13	        1.30333              0              0
   14	        1.32333              0              0
   15	        1.33333              0              0
   16	              0            0.1              0
   17	           0.01            0.1              0
   18	           0.03            0.1              0
   19	          0.075            0.1              0
   20	           0.15            0.1              0
   21	            0.3            0.1              0
   22	          0.475            0.1              0
   23	       0.666667            0.1              0
   24	       0.858333            0.1              0
   25	        1.03333            0.1              0
   26	        1.18333            0.1              0
   27	        1.25833            0.1              0
   28	        1.30333            0.1              0
   29	        1.32333            0.1              0
   30	        1.33333            0.1              0
   31	              0           0.25              0
   32	           0.01           0.25              0
   33	           0.03           0.25              0
   34	          0.075           0.25              0
   35	           0.15           0.25              0
   36	            0.3           0.25              0
   37	          0.475           0.25              0
   38	       0.666667           0.25              0
   39	       0.858333           0.25              0
   40	        1.03333           0.25              0
   41	        1.18333           0.25              0
   42	        1.25833           0.25              0
   43	        1.30333           0.25              0
   44	        1.32333           0.25              0
   45	        1.33333           0.25              0
   46	              0            0.4              0
   47	           0.01            0.4              0
   48	           0.03            0.4              0
   49	          0.075            0.4              0
   50	           0.15            0.4              0
   51	            0.3            0.4              0
   52	          0.475            0.4              0
   53	       0.666667            0.4              0
   54	       0.858333            0.4              0
   55	        1.03333            0.4              0
   56	        1.18333            0.4              0
   57	        1.25833            0.4              0
   58	        1.30333            0.4              0
   59	        1.32333            0.4              0
   60	        1.33333            0.4              0
   61	              0          0.465              0
   62	           0.01          0.465              0
   63	           0.03          0.465              0
   64	          0.075          0.465              0
   65	           0.15          0.465              0
   66	            0.3          0.465              0
   67	          0.475          0.465              0
   68	       0.666667          0.465              0
   69	       0.858333          0.465              0
   70	        1.03333          0.465              0
   71	        1.18333          0.465              0
   72	        1.25833          0.465              0
   73	        1.30333          0.465              0
   74	        1.32333          0.465              0
   75	        1.33333          0.465              0
   76	              0           0.49              0
   77	           0.01           0.49              0
   78	           0.03           0.49              0
   79	          0.075           0.49              0
   80	           0.15           0.49              0
   81	            0.3           0.49              0
   82	          0.475           0.49              0
   83	       0.666667           0.49              0
   84	       0.858333           0.49              0
   85	        1.03333           0.49              0
   86	        1.18333           0.49              0
   87	        1.25833           0.49              0
   88	        1.30333           0.49              0
   89	        1.32333           0.49              0
   90	        1.33333           0.49              0
   91	              0            0.5              0
   92	           0.01            0.5              0
   93	           0.03            0.5              0
   94	          0.075            0.5              0
   95	           0.15            0.5              0
   96	            0.3            0.5              0
   97	          0.475            0.5              0
   98	       0.666667            0.5              0
   99	       0.858333            0.5              0
  100	        1.03333            0.5              0
  101	        1.18333            0.5              0
  102	        1.25833            0.5              0
  103	        1.30333            0.5              0
  104	        1.32333            0.5              0
  105	        1.33333            0.5              0
</NODES>

<ELEMENTS NUMBER=84>
    1	<Q>    1    2   17   16    </Q>
    2	<Q>    2    3   18   17    </Q>
    3	<Q>    3    4   19   18    </Q>
    4	<Q>    4    5   20   19    </Q>
    5	<Q>    5    6   21   20    </Q>
    6	<Q>    6    7   22   21    </Q>
    7	<Q>    7    8   23   22    </Q>
    8	<Q>    8    9   24   23    </Q>
    9	<Q>    9   10   25   24    </Q>
   10	<Q>   10   11   26   25    </Q>
   11	<Q>   11   12   27   26    </Q>
   12	<Q>   12   13   28   27    </Q>
   13	<Q>   13   14   29   28    </Q>
   14	<Q>   14   15   30   29    </Q>
   15	<Q>   16   17   32   31    </Q>
   16	<Q>   17   18   33   32    </Q>
   17	<Q>   18   19   34   33    </Q>
   18	<Q>   19   20   35   34    </Q>
   19	<Q>   20   21   36   35    </Q>
   20	<Q>   21   22   37   36    </Q>
   21	<Q>   22   23   38   37    </Q>
   22	<Q>   23   24   39   38    </Q>
   23	<Q>   24   25   40   39    </Q>
   24	<Q>   25   26   41   40    </Q>
   25	<Q>   26   27   42   41    </Q>
   26	<Q>   27   28   43   42    </Q>
   27	<Q>   28   29   44   43    </Q>
   28	<Q>   29   30   45   44    </Q>
   29	<Q>   31   32   47   46    </Q>
   30	<Q>   32   33   48   47    </Q>
   31	<Q>   33   34   49   48    </Q>
   32	<Q>   34   35   50   49    </Q>
   33	<Q>   35   36   51   50    </Q>
   34	<Q>   36   37   52   51    </Q>
   35	<Q>   37   38   53   52    </Q>
   36	<Q>   38   39   54   53    </Q>
   37	<Q>   39   40   55   54    </Q>
   38	<Q>   40   41   56   55    </Q>
   39	<Q>   41   42   57   56    </Q>
   40	<Q>   42   43   58   57    </Q>
   41	<Q>   43   44   59   58    </Q>
   42	<Q>   44   45   60   59    </Q>
   43	<Q>   46   47   62   61    </Q>
   44	<Q>   47   48   63   62    </Q>
   45	<Q>   48   49   64   63    </Q>
   46	<Q>   49   50   65   64    </Q>
   47	<Q>   50   51   66   65    </Q>
   48	<Q>   51   52   67   66    </Q>
   49	<Q>   52   53   68   67    </Q>
   50	<Q>   53   54   69   68    </Q>
   51	<Q>   54   55   70   69    </Q>
   52	<Q>   55   56   71   70    </Q>
   53	<Q>   56   57   72   71    </Q>
   54	<Q>   57   58   73   72    </Q>
   55	<Q>   58   59   74   73    </Q>
   56	<Q>   59   60   75   74    </Q>
   57	<Q>   61   62   77   76    </Q>
   58	<Q>   62   63   78   77    </Q>
   59	<Q>   63   64   79   78    </Q>
   60	<Q>   64   65   80   79    </Q>
   61	<Q>   65   66   81   80    </Q>
   62	<Q>   66   67   82   81    </Q>
   63	<Q>   67   68   83   82    </Q>
   64	<Q>   68   69   84   83    </Q>
   65	<Q>   69   70   85   84    </Q>
   66	<Q>   70   71   86   85    </Q>
   67	<Q>   71   72   87   86    </Q>
   68	<Q>   72   73   88   87    </Q>
   69	<Q>   73   74   89   88    </Q>
   70	<Q>   74   75   90   89    </Q>
   71	<Q>   76   77   92   91    </Q>
   72	<Q>   77   78   93   92    </Q>
   73	<Q>   78   79   94   93    </Q>
   74	<Q>   79   80   95   94    </Q>
   75	<Q>   80   81   96   95    </Q>
   76	<Q>   81   82   97   96    </Q>
   77	<Q>   82   83   98   97    </Q>
   78	<Q>   83   84   99   98    </Q>
   79	<Q>   84   85  100   99    </Q>
   80	<Q>   85   86  101  100    </Q>
   81	<Q>   86   87  102  101    </Q>
   82	<Q>   87   88  103  102    </Q>
   83	<Q>   88   89  104  103    </Q>
   84	<Q>   89   90  105  104    </Q>
</ELEMENTS>

<SURFACES NUMBER=40>
    1    1    1    <B> a </B>
    2    2    1    <B> a </B>
    3    3    1    <B> a </B>
    4    4    1    <B> a </B>
    5    5    1    <B> a </B>
    6    6    1    <B> a </B>
    7    7    1    <B> a </B>
    8    8    1    <B> a </B>
    9    9    1    <B> a </B>
   10   10    1    <B> a </B>
   11   11    1    <B> a </B>
   12   12    1    <B> a </B>
   13   13    1    <B> a </B>
   14   14    1    <B> a </B>
   15   14    2    <B> w </B>
   16   28    2    <B> w </B>
   17   42    2    <B> w </B>
   18   56    2    <B> w </B>
   19   70    2    <B> w </B>
   20   84    2    <B> w </B>
   21   84    3    <B> w </B>
   22   83    3    <B> w </B>
   23   82    3    <B> w </B>
   24   81    3    <B> w </B>
   25   80    3    <B> w </B>
   26   79    3    <B> w </B>
   27   78    3    <B> w </B>
   28   77    3    <B> w </B>
   29   76    3    <B> w </B>
   30   75    3    <B> w </B>
   31   74    3    <B> w </B>
   32   73    3    <B> w </B>
   33   72    3    <B> w </B>
   34   71    3    <B> w </B>
   35   71    4    <B> w </B>
   36   57    4    <B> w </B>
   37   43    4    <B> w </B>
   38   29    4    <B> w </B>
   39   15    4    <B> w </B>
   40    1    4    <B> w </B>
</SURFACES>
