<TOKENS>
	PHASE     = 1
	N_PHASE   = 4

	N_P       = 8
	N_Z       = 1
	BETA      = 1.0

	ReA	  = 535
	ReW       = 20
	U	  = 1.0
	KINVIS	  = 1.0/ReA
	OMEGA     = ReW/ReA
	PERIOD    = 1.0/OMEGA
	STEPS_P   = 3*1024
	D_T       = PERIOD/STEPS_P
	N_STEP    = 1*STEPS_P	
	N_TIME    = 2

	IO_CFL    = STEPS_P/128
	IO_HIS    = STEPS_P/128
	IO_FLD    = STEPS_P/64

	AVERAGE   = 0
	CHKPOINT  = 1
	ITERATIVE = 0
</TOKENS>

<FIELDS NUMBER=3>
	u	v	p
</FIELDS>

<GROUPS NUMBER=2>
	1	w	wall
	2	v	move
</GROUPS>

<BCS NUMBER=2>
	1	w	3
			<D>  u = 0.0			</D>
			<D>  v = 0.0			</D>
			<H>  p				</H>
	2	v	3
			<D>  u = U*sin(TWOPI*OMEGA*t)*(1-exp(-200*(1+x))^4)*(1-exp(-200*(1-x))^4)	</D>
			<D>  v = 0.0			</D>
			<H>  p				</H>
</BCS>

<HISTORY NUMBER=2>
	1	0	0.01	0
	2	0	0.95	0
</HISTORY>

<NODES NUMBER=130>
    1	             -1              0              0
    2	          -0.99              0              0
    3	          -0.95              0              0
    4	          -0.85              0              0
    5	           -0.6              0              0
    6	           -0.3              0              0
    7	              0              0              0
    8	            0.3              0              0
    9	            0.6              0              0
   10	           0.85              0              0
   11	           0.95              0              0
   12	           0.99              0              0
   13	              1              0              0
   14	             -1           0.01              0
   15	          -0.99           0.01              0
   16	          -0.95           0.01              0
   17	          -0.85           0.01              0
   18	           -0.6           0.01              0
   19	           -0.3           0.01              0
   20	              0           0.01              0
   21	            0.3           0.01              0
   22	            0.6           0.01              0
   23	           0.85           0.01              0
   24	           0.95           0.01              0
   25	           0.99           0.01              0
   26	              1           0.01              0
   27	             -1           0.05              0
   28	          -0.99           0.05              0
   29	          -0.95           0.05              0
   30	          -0.85           0.05              0
   31	           -0.6           0.05              0
   32	           -0.3           0.05              0
   33	              0           0.05              0
   34	            0.3           0.05              0
   35	            0.6           0.05              0
   36	           0.85           0.05              0
   37	           0.95           0.05              0
   38	           0.99           0.05              0
   39	              1           0.05              0
   40	             -1            0.1              0
   41	          -0.99            0.1              0
   42	          -0.95            0.1              0
   43	          -0.85            0.1              0
   44	           -0.6            0.1              0
   45	           -0.3            0.1              0
   46	              0            0.1              0
   47	            0.3            0.1              0
   48	            0.6            0.1              0
   49	           0.85            0.1              0
   50	           0.95            0.1              0
   51	           0.99            0.1              0
   52	              1            0.1              0
   53	             -1            0.2              0
   54	          -0.99            0.2              0
   55	          -0.95            0.2              0
   56	          -0.85            0.2              0
   57	           -0.6            0.2              0
   58	           -0.3            0.2              0
   59	              0            0.2              0
   60	            0.3            0.2              0
   61	            0.6            0.2              0
   62	           0.85            0.2              0
   63	           0.95            0.2              0
   64	           0.99            0.2              0
   65	              1            0.2              0
   66	             -1            0.4              0
   67	          -0.99            0.4              0
   68	          -0.95            0.4              0
   69	          -0.85            0.4              0
   70	           -0.6            0.4              0
   71	           -0.3            0.4              0
   72	              0            0.4              0
   73	            0.3            0.4              0
   74	            0.6            0.4              0
   75	           0.85            0.4              0
   76	           0.95            0.4              0
   77	           0.99            0.4              0
   78	              1            0.4              0
   79	             -1           0.65              0
   80	          -0.99           0.65              0
   81	          -0.95           0.65              0
   82	          -0.85           0.65              0
   83	           -0.6           0.65              0
   84	           -0.3           0.65              0
   85	              0           0.65              0
   86	            0.3           0.65              0
   87	            0.6           0.65              0
   88	           0.85           0.65              0
   89	           0.95           0.65              0
   90	           0.99           0.65              0
   91	              1           0.65              0
   92	             -1          0.875              0
   93	          -0.99          0.875              0
   94	          -0.95          0.875              0
   95	          -0.85          0.875              0
   96	           -0.6          0.875              0
   97	           -0.3          0.875              0
   98	              0          0.875              0
   99	            0.3          0.875              0
  100	            0.6          0.875              0
  101	           0.85          0.875              0
  102	           0.95          0.875              0
  103	           0.99          0.875              0
  104	              1          0.875              0
  105	             -1           0.97              0
  106	          -0.99           0.97              0
  107	          -0.95           0.97              0
  108	          -0.85           0.97              0
  109	           -0.6           0.97              0
  110	           -0.3           0.97              0
  111	              0           0.97              0
  112	            0.3           0.97              0
  113	            0.6           0.97              0
  114	           0.85           0.97              0
  115	           0.95           0.97              0
  116	           0.99           0.97              0
  117	              1           0.97              0
  118	             -1              1              0
  119	          -0.99              1              0
  120	          -0.95              1              0
  121	          -0.85              1              0
  122	           -0.6              1              0
  123	           -0.3              1              0
  124	              0              1              0
  125	            0.3              1              0
  126	            0.6              1              0
  127	           0.85              1              0
  128	           0.95              1              0
  129	           0.99              1              0
  130	              1              1              0
</NODES>

<ELEMENTS NUMBER=108>
    1	<Q>    1    2   15   14    </Q>
    2	<Q>    2    3   16   15    </Q>
    3	<Q>    3    4   17   16    </Q>
    4	<Q>    4    5   18   17    </Q>
    5	<Q>    5    6   19   18    </Q>
    6	<Q>    6    7   20   19    </Q>
    7	<Q>    7    8   21   20    </Q>
    8	<Q>    8    9   22   21    </Q>
    9	<Q>    9   10   23   22    </Q>
   10	<Q>   10   11   24   23    </Q>
   11	<Q>   11   12   25   24    </Q>
   12	<Q>   12   13   26   25    </Q>
   13	<Q>   14   15   28   27    </Q>
   14	<Q>   15   16   29   28    </Q>
   15	<Q>   16   17   30   29    </Q>
   16	<Q>   17   18   31   30    </Q>
   17	<Q>   18   19   32   31    </Q>
   18	<Q>   19   20   33   32    </Q>
   19	<Q>   20   21   34   33    </Q>
   20	<Q>   21   22   35   34    </Q>
   21	<Q>   22   23   36   35    </Q>
   22	<Q>   23   24   37   36    </Q>
   23	<Q>   24   25   38   37    </Q>
   24	<Q>   25   26   39   38    </Q>
   25	<Q>   27   28   41   40    </Q>
   26	<Q>   28   29   42   41    </Q>
   27	<Q>   29   30   43   42    </Q>
   28	<Q>   30   31   44   43    </Q>
   29	<Q>   31   32   45   44    </Q>
   30	<Q>   32   33   46   45    </Q>
   31	<Q>   33   34   47   46    </Q>
   32	<Q>   34   35   48   47    </Q>
   33	<Q>   35   36   49   48    </Q>
   34	<Q>   36   37   50   49    </Q>
   35	<Q>   37   38   51   50    </Q>
   36	<Q>   38   39   52   51    </Q>
   37	<Q>   40   41   54   53    </Q>
   38	<Q>   41   42   55   54    </Q>
   39	<Q>   42   43   56   55    </Q>
   40	<Q>   43   44   57   56    </Q>
   41	<Q>   44   45   58   57    </Q>
   42	<Q>   45   46   59   58    </Q>
   43	<Q>   46   47   60   59    </Q>
   44	<Q>   47   48   61   60    </Q>
   45	<Q>   48   49   62   61    </Q>
   46	<Q>   49   50   63   62    </Q>
   47	<Q>   50   51   64   63    </Q>
   48	<Q>   51   52   65   64    </Q>
   49	<Q>   53   54   67   66    </Q>
   50	<Q>   54   55   68   67    </Q>
   51	<Q>   55   56   69   68    </Q>
   52	<Q>   56   57   70   69    </Q>
   53	<Q>   57   58   71   70    </Q>
   54	<Q>   58   59   72   71    </Q>
   55	<Q>   59   60   73   72    </Q>
   56	<Q>   60   61   74   73    </Q>
   57	<Q>   61   62   75   74    </Q>
   58	<Q>   62   63   76   75    </Q>
   59	<Q>   63   64   77   76    </Q>
   60	<Q>   64   65   78   77    </Q>
   61	<Q>   66   67   80   79    </Q>
   62	<Q>   67   68   81   80    </Q>
   63	<Q>   68   69   82   81    </Q>
   64	<Q>   69   70   83   82    </Q>
   65	<Q>   70   71   84   83    </Q>
   66	<Q>   71   72   85   84    </Q>
   67	<Q>   72   73   86   85    </Q>
   68	<Q>   73   74   87   86    </Q>
   69	<Q>   74   75   88   87    </Q>
   70	<Q>   75   76   89   88    </Q>
   71	<Q>   76   77   90   89    </Q>
   72	<Q>   77   78   91   90    </Q>
   73	<Q>   79   80   93   92    </Q>
   74	<Q>   80   81   94   93    </Q>
   75	<Q>   81   82   95   94    </Q>
   76	<Q>   82   83   96   95    </Q>
   77	<Q>   83   84   97   96    </Q>
   78	<Q>   84   85   98   97    </Q>
   79	<Q>   85   86   99   98    </Q>
   80	<Q>   86   87  100   99    </Q>
   81	<Q>   87   88  101  100    </Q>
   82	<Q>   88   89  102  101    </Q>
   83	<Q>   89   90  103  102    </Q>
   84	<Q>   90   91  104  103    </Q>
   85	<Q>   92   93  106  105    </Q>
   86	<Q>   93   94  107  106    </Q>
   87	<Q>   94   95  108  107    </Q>
   88	<Q>   95   96  109  108    </Q>
   89	<Q>   96   97  110  109    </Q>
   90	<Q>   97   98  111  110    </Q>
   91	<Q>   98   99  112  111    </Q>
   92	<Q>   99  100  113  112    </Q>
   93	<Q>  100  101  114  113    </Q>
   94	<Q>  101  102  115  114    </Q>
   95	<Q>  102  103  116  115    </Q>
   96	<Q>  103  104  117  116    </Q>
   97	<Q>  105  106  119  118    </Q>
   98	<Q>  106  107  120  119    </Q>
   99	<Q>  107  108  121  120    </Q>
  100	<Q>  108  109  122  121    </Q>
  101	<Q>  109  110  123  122    </Q>
  102	<Q>  110  111  124  123    </Q>
  103	<Q>  111  112  125  124    </Q>
  104	<Q>  112  113  126  125    </Q>
  105	<Q>  113  114  127  126    </Q>
  106	<Q>  114  115  128  127    </Q>
  107	<Q>  115  116  129  128    </Q>
  108	<Q>  116  117  130  129    </Q>
</ELEMENTS>

<SURFACES NUMBER=42>
    1    1    1    <B> v </B>
    2    2    1    <B> v </B>
    3    3    1    <B> v </B>
    4    4    1    <B> v </B>
    5    5    1    <B> v </B>
    6    6    1    <B> v </B>
    7    7    1    <B> v </B>
    8    8    1    <B> v </B>
    9    9    1    <B> v </B>
   10   10    1    <B> v </B>
   11   11    1    <B> v </B>
   12   12    1    <B> v </B>
   13   12    2    <B> w </B>
   14   24    2    <B> w </B>
   15   36    2    <B> w </B>
   16   48    2    <B> w </B>
   17   60    2    <B> w </B>
   18   72    2    <B> w </B>
   19   84    2    <B> w </B>
   20   96    2    <B> w </B>
   21  108    2    <B> w </B>
   22  108    3    <B> w </B>
   23  107    3    <B> w </B>
   24  106    3    <B> w </B>
   25  105    3    <B> w </B>
   26  104    3    <B> w </B>
   27  103    3    <B> w </B>
   28  102    3    <B> w </B>
   29  101    3    <B> w </B>
   30  100    3    <B> w </B>
   31   99    3    <B> w </B>
   32   98    3    <B> w </B>
   33   97    3    <B> w </B>
   34   97    4    <B> w </B>
   35   85    4    <B> w </B>
   36   73    4    <B> w </B>
   37   61    4    <B> w </B>
   38   49    4    <B> w </B>
   39   37    4    <B> w </B>
   40   25    4    <B> w </B>
   41   13    4    <B> w </B>
   42    1    4    <B> w </B>
</SURFACES>
