<FIELDS>
	u	v	w	p
</FIELDS>

<HISTORY NUMBER=3>
    1   0   -0.985      0
    2   0   -0.970      0
    3   0  0 0
</HISTORY>

<TOKENS>
# General Params
        Re_c = 22776
        Re_t = 1017
        KINVIS = 1/Re_c
        REFVIS = 20*KINVIS

        u_tau  = Re_t/Re_c
        FFX    = u_tau * u_tau

        D_T        = 0.0020
        N_STEP     = 4000
        N_TIME     = 2

        N_P     = 9
        N_Z        = 96
        BETA       = 2.0

        IO_CFL     = 50
        IO_FLD     = 200

        AVERAGE    = 2
        CHKPOINT   = 1
        ITERATIVE  = 1

        F_ROLL     = 0.0
        F_ORDER    = 9
        F_ATTEN    = 1.0

        P_ROLL     = 0.0
        P_ORDER    = 9
        P_ATTEN    = 1.0

        TIME_CONST = -log(0.9)/D_T
        LAMBDA_M   = 2.0

	C_SMAG     = 0.065
</TOKENS>

<GROUPS NUMBER=1>
	1	w	wall
</GROUPS>

<BCS NUMBER=1>
	1	w	4
			<D>	u = 0.0	</D>
			<D>	v = 0.0	</D>
			<D>	w = 0.0	</D>
			<H>	p = 0.0	</H>
</BCS>

<NODES NUMBER=117>
    1	       -3.14159             -1              0
    2	       -2.35619             -1              0
    3	        -1.5708             -1              0
    4	      -0.785398             -1              0
    5	              0             -1              0
    6	       0.785398             -1              0
    7	         1.5708             -1              0
    8	        2.35619             -1              0
    9	        3.14159             -1              0
   10	       -3.14159          -0.99              0
   11	       -2.35619          -0.99              0
   12	        -1.5708          -0.99              0
   13	      -0.785398          -0.99              0
   14	              0          -0.99              0
   15	       0.785398          -0.99              0
   16	         1.5708          -0.99              0
   17	        2.35619          -0.99              0
   18	        3.14159          -0.99              0
   19	       -3.14159        -0.9675              0
   20	       -2.35619        -0.9675              0
   21	        -1.5708        -0.9675              0
   22	      -0.785398        -0.9675              0
   23	              0        -0.9675              0
   24	       0.785398        -0.9675              0
   25	         1.5708        -0.9675              0
   26	        2.35619        -0.9675              0
   27	        3.14159        -0.9675              0
   28	       -3.14159        -0.9175              0
   29	       -2.35619        -0.9175              0
   30	        -1.5708        -0.9175              0
   31	      -0.785398        -0.9175              0
   32	              0        -0.9175              0
   33	       0.785398        -0.9175              0
   34	         1.5708        -0.9175              0
   35	        2.35619        -0.9175              0
   36	        3.14159        -0.9175              0
   37	       -3.14159         -0.805              0
   38	       -2.35619         -0.805              0
   39	        -1.5708         -0.805              0
   40	      -0.785398         -0.805              0
   41	              0         -0.805              0
   42	       0.785398         -0.805              0
   43	         1.5708         -0.805              0
   44	        2.35619         -0.805              0
   45	        3.14159         -0.805              0
   46	       -3.14159          -0.55              0
   47	       -2.35619          -0.55              0
   48	        -1.5708          -0.55              0
   49	      -0.785398          -0.55              0
   50	              0          -0.55              0
   51	       0.785398          -0.55              0
   52	         1.5708          -0.55              0
   53	        2.35619          -0.55              0
   54	        3.14159          -0.55              0
   55	       -3.14159              0              0
   56	       -2.35619              0              0
   57	        -1.5708              0              0
   58	      -0.785398              0              0
   59	              0              0              0
   60	       0.785398              0              0
   61	         1.5708              0              0
   62	        2.35619              0              0
   63	        3.14159              0              0
   64	       -3.14159           0.55              0
   65	       -2.35619           0.55              0
   66	        -1.5708           0.55              0
   67	      -0.785398           0.55              0
   68	              0           0.55              0
   69	       0.785398           0.55              0
   70	         1.5708           0.55              0
   71	        2.35619           0.55              0
   72	        3.14159           0.55              0
   73	       -3.14159          0.805              0
   74	       -2.35619          0.805              0
   75	        -1.5708          0.805              0
   76	      -0.785398          0.805              0
   77	              0          0.805              0
   78	       0.785398          0.805              0
   79	         1.5708          0.805              0
   80	        2.35619          0.805              0
   81	        3.14159          0.805              0
   82	       -3.14159         0.9175              0
   83	       -2.35619         0.9175              0
   84	        -1.5708         0.9175              0
   85	      -0.785398         0.9175              0
   86	              0         0.9175              0
   87	       0.785398         0.9175              0
   88	         1.5708         0.9175              0
   89	        2.35619         0.9175              0
   90	        3.14159         0.9175              0
   91	       -3.14159         0.9675              0
   92	       -2.35619         0.9675              0
   93	        -1.5708         0.9675              0
   94	      -0.785398         0.9675              0
   95	              0         0.9675              0
   96	       0.785398         0.9675              0
   97	         1.5708         0.9675              0
   98	        2.35619         0.9675              0
   99	        3.14159         0.9675              0
  100	       -3.14159           0.99              0
  101	       -2.35619           0.99              0
  102	        -1.5708           0.99              0
  103	      -0.785398           0.99              0
  104	              0           0.99              0
  105	       0.785398           0.99              0
  106	         1.5708           0.99              0
  107	        2.35619           0.99              0
  108	        3.14159           0.99              0
  109	       -3.14159              1              0
  110	       -2.35619              1              0
  111	        -1.5708              1              0
  112	      -0.785398              1              0
  113	              0              1              0
  114	       0.785398              1              0
  115	         1.5708              1              0
  116	        2.35619              1              0
  117	        3.14159              1              0
</NODES>

<ELEMENTS NUMBER=96>
    1	<Q>    1    2   11   10    </Q>
    2	<Q>    2    3   12   11    </Q>
    3	<Q>    3    4   13   12    </Q>
    4	<Q>    4    5   14   13    </Q>
    5	<Q>    5    6   15   14    </Q>
    6	<Q>    6    7   16   15    </Q>
    7	<Q>    7    8   17   16    </Q>
    8	<Q>    8    9   18   17    </Q>
    9	<Q>   10   11   20   19    </Q>
   10	<Q>   11   12   21   20    </Q>
   11	<Q>   12   13   22   21    </Q>
   12	<Q>   13   14   23   22    </Q>
   13	<Q>   14   15   24   23    </Q>
   14	<Q>   15   16   25   24    </Q>
   15	<Q>   16   17   26   25    </Q>
   16	<Q>   17   18   27   26    </Q>
   17	<Q>   19   20   29   28    </Q>
   18	<Q>   20   21   30   29    </Q>
   19	<Q>   21   22   31   30    </Q>
   20	<Q>   22   23   32   31    </Q>
   21	<Q>   23   24   33   32    </Q>
   22	<Q>   24   25   34   33    </Q>
   23	<Q>   25   26   35   34    </Q>
   24	<Q>   26   27   36   35    </Q>
   25	<Q>   28   29   38   37    </Q>
   26	<Q>   29   30   39   38    </Q>
   27	<Q>   30   31   40   39    </Q>
   28	<Q>   31   32   41   40    </Q>
   29	<Q>   32   33   42   41    </Q>
   30	<Q>   33   34   43   42    </Q>
   31	<Q>   34   35   44   43    </Q>
   32	<Q>   35   36   45   44    </Q>
   33	<Q>   37   38   47   46    </Q>
   34	<Q>   38   39   48   47    </Q>
   35	<Q>   39   40   49   48    </Q>
   36	<Q>   40   41   50   49    </Q>
   37	<Q>   41   42   51   50    </Q>
   38	<Q>   42   43   52   51    </Q>
   39	<Q>   43   44   53   52    </Q>
   40	<Q>   44   45   54   53    </Q>
   41	<Q>   46   47   56   55    </Q>
   42	<Q>   47   48   57   56    </Q>
   43	<Q>   48   49   58   57    </Q>
   44	<Q>   49   50   59   58    </Q>
   45	<Q>   50   51   60   59    </Q>
   46	<Q>   51   52   61   60    </Q>
   47	<Q>   52   53   62   61    </Q>
   48	<Q>   53   54   63   62    </Q>
   49	<Q>   55   56   65   64    </Q>
   50	<Q>   56   57   66   65    </Q>
   51	<Q>   57   58   67   66    </Q>
   52	<Q>   58   59   68   67    </Q>
   53	<Q>   59   60   69   68    </Q>
   54	<Q>   60   61   70   69    </Q>
   55	<Q>   61   62   71   70    </Q>
   56	<Q>   62   63   72   71    </Q>
   57	<Q>   64   65   74   73    </Q>
   58	<Q>   65   66   75   74    </Q>
   59	<Q>   66   67   76   75    </Q>
   60	<Q>   67   68   77   76    </Q>
   61	<Q>   68   69   78   77    </Q>
   62	<Q>   69   70   79   78    </Q>
   63	<Q>   70   71   80   79    </Q>
   64	<Q>   71   72   81   80    </Q>
   65	<Q>   73   74   83   82    </Q>
   66	<Q>   74   75   84   83    </Q>
   67	<Q>   75   76   85   84    </Q>
   68	<Q>   76   77   86   85    </Q>
   69	<Q>   77   78   87   86    </Q>
   70	<Q>   78   79   88   87    </Q>
   71	<Q>   79   80   89   88    </Q>
   72	<Q>   80   81   90   89    </Q>
   73	<Q>   82   83   92   91    </Q>
   74	<Q>   83   84   93   92    </Q>
   75	<Q>   84   85   94   93    </Q>
   76	<Q>   85   86   95   94    </Q>
   77	<Q>   86   87   96   95    </Q>
   78	<Q>   87   88   97   96    </Q>
   79	<Q>   88   89   98   97    </Q>
   80	<Q>   89   90   99   98    </Q>
   81	<Q>   91   92  101  100    </Q>
   82	<Q>   92   93  102  101    </Q>
   83	<Q>   93   94  103  102    </Q>
   84	<Q>   94   95  104  103    </Q>
   85	<Q>   95   96  105  104    </Q>
   86	<Q>   96   97  106  105    </Q>
   87	<Q>   97   98  107  106    </Q>
   88	<Q>   98   99  108  107    </Q>
   89	<Q>  100  101  110  109    </Q>
   90	<Q>  101  102  111  110    </Q>
   91	<Q>  102  103  112  111    </Q>
   92	<Q>  103  104  113  112    </Q>
   93	<Q>  104  105  114  113    </Q>
   94	<Q>  105  106  115  114    </Q>
   95	<Q>  106  107  116  115    </Q>
   96	<Q>  107  108  117  116    </Q>
</ELEMENTS>

<SURFACES NUMBER=28>
    1    1    1    <B> w </B>
    2    2    1    <B> w </B>
    3    3    1    <B> w </B>
    4    4    1    <B> w </B>
    5    5    1    <B> w </B>
    6    6    1    <B> w </B>
    7    7    1    <B> w </B>
    8    8    1    <B> w </B>

    9   96    3    <B> w </B>
   10   95    3    <B> w </B>
   11   94    3    <B> w </B>
   12   93    3    <B> w </B>
   13   92    3    <B> w </B>
   14   91    3    <B> w </B>
   15   90    3    <B> w </B>
   16   89    3    <B> w </B>

   17    8    2    <P>  1	4 </P>
   18   16    2    <P>  9	4 </P>
   19   24    2    <P> 17	4 </P>
   20   32    2    <P> 25	4 </P>
   21   40    2    <P> 33	4 </P>
   22   48    2    <P> 41	4 </P>
   23   56    2    <P> 49	4 </P>
   24   64    2    <P> 57	4 </P>
   25   72    2    <P> 65	4 </P>
   26   80    2    <P> 73	4 </P>
   27   88    2    <P> 81	4 </P>
   28   96    2    <P> 89	4 </P>
</SURFACES>
