# 60 element Coeutte flow, for Re = 750, based on 1/2 with & 1/2 vel. diff.

<FIELDS>
	u v w p
</FIELDS>

<USER>
	u = 0.0
	v = 0.0
	w = y
	p = 0.0
</USER>

<TOKENS>
	D_T       = 0.008
	TOL_REL   = 1.0e-8
	KINVIS    = 0.25/750
	N_TIME    = 2
	N_P    = 9
	N_Z       = 96
	BETA      = 0.4
	N_STEP    = 4000
	AVERAGE   = 2
	CHKPOINT  = 1
	ITERATIVE = 0
	IO_CFL    = 50
	IO_FLD    = 1000
</TOKENS>

<GROUPS NUMBER=2>
	1	U	wall
	2	L	wall
</GROUPS>

<BCS NUMBER=2>
	1	U	4
			<D>	u =  0.0	</D>
			<D>	v =  0.0	</D>
			<D>	w =  0.5	</D>
			<H>	p =  0		</H>
	2	L	4
			<D>	u =  0.0	</D>
			<D>	v =  0.0	</D>
			<D>	w = -0.5	</D>
			<H>	p =  0		</H>
</BCS>

<NODES NUMBER=77>
	1	-3.1415926535897931	-0.5	0.0
	2	-2.5132741228718345	-0.5	0.0
	3	-1.8849555921538759	-0.5	0.0
	4	-1.2566370614359172	-0.5	0.0
	5	-0.62831853071795862	-0.5	0.0
	6	 0.0			-0.5	0.0
	7	 0.62831853071795862	-0.5	0.0
	8	 1.2566370614359172	-0.5	0.0
	9	 1.8849555921538759	-0.5	0.0
	10	 2.5132741228718345	-0.5	0.0
	11	 3.1415926535897931	-0.5	0.0

	12	-3.1415926535897931	-0.4	0.0
	13	-2.5132741228718345	-0.4	0.0
	14	-1.8849555921538759	-0.4	0.0
	15	-1.2566370614359172	-0.4	0.0
	16	-0.62831853071795862	-0.4	0.0
	17	 0.0			-0.4	0.0
	18	 0.62831853071795862	-0.4	0.0
	19	 1.2566370614359172	-0.4	0.0
	20	 1.8849555921538759	-0.4	0.0
	21	 2.5132741228718345	-0.4	0.0
	22	 3.1415926535897931	-0.4	0.0

	23	-3.1415926535897931	-0.25	0.0
	24	-2.5132741228718345	-0.25	0.0
	25	-1.8849555921538759	-0.25	0.0
	26	-1.2566370614359172	-0.25	0.0
	27	-0.62831853071795862	-0.25	0.0
	28	 0.0			-0.25	0.0
	29	 0.62831853071795862	-0.25	0.0
	30	 1.2566370614359172	-0.25	0.0
	31	 1.8849555921538759	-0.25	0.0
	32	 2.5132741228718345	-0.25	0.0
	33	 3.1415926535897931	-0.25	0.0

	34	-3.1415926535897931	0.0	0.0
	35	-2.5132741228718345	0.0	0.0
	36	-1.8849555921538759	0.0	0.0
	37	-1.2566370614359172	0.0	0.0
	38	-0.62831853071795862	0.0	0.0
	39	 0.0			0.0	0.0
	40	 0.62831853071795862	0.0	0.0
	41	 1.2566370614359172	0.0	0.0
	42	 1.8849555921538759	0.0	0.0
	43	 2.5132741228718345	0.0	0.0
	44	 3.1415926535897931	0.0	0.0

	45	-3.1415926535897931	0.25	0.0
	46	-2.5132741228718345	0.25	0.0
	47	-1.8849555921538759	0.25	0.0
	48	-1.2566370614359172	0.25	0.0
	49	-0.62831853071795862	0.25	0.0
	50	 0.0			0.25	0.0
	51	 0.62831853071795862	0.25	0.0
	52	 1.2566370614359172	0.25	0.0
	53	 1.8849555921538759	0.25	0.0
	54	 2.5132741228718345	0.25	0.0
	55	 3.1415926535897931	0.25	0.0

	56	-3.1415926535897931	0.4	0.0
	57	-2.5132741228718345	0.4	0.0
	58	-1.8849555921538759	0.4	0.0
	59	-1.2566370614359172	0.4	0.0
	60	-0.62831853071795862	0.4	0.0
	61	 0.0			0.4	0.0
	62	 0.62831853071795862	0.4	0.0
	63	 1.2566370614359172	0.4	0.0
	64	 1.8849555921538759	0.4	0.0
	65	 2.5132741228718345	0.4	0.0
	66	 3.1415926535897931	0.4	0.0

	67	-3.1415926535897931	0.5	0.0
	68	-2.5132741228718345	0.5	0.0
	69	-1.8849555921538759	0.5	0.0
	70	-1.2566370614359172	0.5	0.0
	71	-0.62831853071795862	0.5	0.0
	72	 0.0			0.5	0.0
	73	 0.62831853071795862	0.5	0.0
	74	 1.2566370614359172	0.5	0.0
	75	 1.8849555921538759	0.5	0.0
	76	 2.5132741228718345	0.5	0.0
	77	 3.1415926535897931	0.5	0.0

</NODES>

<ELEMENTS NUMBER=60>
	1	<Q>      1  2 13 12	</Q>
	2	<Q>	 2  3 14 13	</Q>
	3	<Q>	 3  4 15 14	</Q>
	4	<Q>	 4  5 16 15	</Q>
	5	<Q>	 5  6 17 16	</Q>
	6	<Q>	 6  7 18 17	</Q>
	7	<Q>	 7  8 19 18 	</Q>
	8	<Q>	 8  9 20 19 	</Q>
	9	<Q>	 9 10 21 20	</Q>
	10	<Q>	10 11 22 21	</Q>

	11	<Q>	12 13 24 23	</Q>
	12	<Q>	13 14 25 24 	</Q>
	13	<Q>	14 15 26 25	</Q>
	14	<Q>	15 16 27 26	</Q>
	15	<Q>	16 17 28 27	</Q>
	16	<Q>	17 18 29 28	</Q>
	17	<Q>	18 19 30 29	</Q>
	18	<Q>	19 20 31 30	</Q>
	19	<Q>	20 21 32 31	</Q>
	20	<Q>	21 22 33 32	</Q>

	21	<Q>	23 24 35 34	</Q>
	22	<Q>	24 25 36 35 	</Q>
	23	<Q>	25 26 37 36	</Q>
	24	<Q>	26 27 38 37 	</Q>
	25	<Q>	27 28 39 38	</Q>
	26	<Q>	28 29 40 39	</Q>
	27	<Q>	29 30 41 40	</Q>
	28 	<Q>	30 31 42 41	</Q>
	29	<Q>	31 32 43 42	</Q>
	30	<Q>	32 33 44 43	</Q>

	31	<Q>	34 35 46 45	</Q>
	32	<Q>	35 36 47 46 	</Q>
	33	<Q>	36 37 48 47	</Q>
	34	<Q>	37 38 49 48	</Q>
	35	<Q>	38 39 50 49	</Q>
	36	<Q>	39 40 51 50	</Q>
	37	<Q>	40 41 52 51	</Q>
	38	<Q>	41 42 53 52	</Q>
	39	<Q>	42 43 54 53	</Q>
	40	<Q>	43 44 55 54	</Q>

	41	<Q>	45 46 57 56	</Q>
	42	<Q>	46 47 58 57 	</Q>
	43	<Q>	47 48 59 58 	</Q>
	44	<Q>	48 49 60 59	</Q>
	45	<Q>	49 50 61 60	</Q>
	46	<Q>	50 51 62 61	</Q>
	47	<Q>	51 52 63 62	</Q>
	48 	<Q>	52 53 64 63	</Q>
	49	<Q>	53 54 65 64	</Q>
	50	<Q>	54 55 66 65	</Q>

	51	<Q>	56 57 68 67	</Q>
	52	<Q>	57 58 69 68 	</Q>
	53	<Q>	58 59 70 69	</Q>
	54	<Q>	59 60 71 70	</Q>
	55	<Q>	60 61 72 71	</Q>
	56	<Q>	61 62 73 72	</Q>
	57	<Q>	62 63 74 73	</Q>
	58	<Q>	63 64 75 74	</Q>
	59	<Q>	64 65 76 75	</Q>
	60	<Q>	65 66 77 76	</Q>

</ELEMENTS>

<SURFACES NUMBER=26>
	1	1	1	<B>	L 	</B>
	2	2	1	<B>	L	</B>
	3	3	1	<B>	L	</B>
	4	4	1	<B>	L	</B>
	5	5	1	<B>	L	</B>
	6	6	1	<B>	L	</B>
	7	7	1	<B>	L	</B>
	8	8	1	<B>	L	</B>
	9	9	1	<B>	L	</B>
	10	10	1	<B>	L	</B>
	
	11	51	3	<B>	U	</B>
	12	52	3	<B>	U	</B>
	13	53	3	<B>	U	</B>
	14	54	3	<B>	U	</B>
	15	55	3	<B>	U	</B>
	16	56	3	<B>	U	</B>
	17	57	3	<B>	U	</B>
	18	58	3	<B>	U	</B>
	19	59	3	<B>	U	</B>
	20	60	3	<B>	U	</B>

	21	10	2	<P>	1	4	</P>
	22	20	2	<P>	11	4	</P>
	23	30	2	<P>	21	4	</P>
	24	40	2	<P>	31	4	</P>
	25	50	2	<P>	41	4	</P>
	26	60	2	<P>	51	4	</P>
</SURFACES>




