# 60 element channel flow LES, for Re_{\delta} = 13800.

<FIELDS>
	u v w p
</FIELDS>

<HISTORY NUMBER=1>
	1	0	0	0
</HISTORY>

<USER>
	u = 1.0-y*y
	v = 0.0
	w = 0.0
	p = 0.0
</USER>

<TOKENS>
	FFX       = 2.23e-3

	RNG       = 0
	C_SMAG    = 0.065
	KINVIS    = 72.5e-6
	REFVIS    = 10*KINVIS
	
	D_T       = 0.005
	N_STEP    = 100
	N_TIME    = 2

	N_P    = 9
	N_Z       = 64
	BETA      = 2.0

	IO_CFL    = 50
	IO_FLD    = 1000

	AVERAGE   = 0
	CHKPOINT  = 1
	ITERATIVE = 1
</TOKENS>

<GROUPS NUMBER=1>
	1	w	wall
</GROUPS>

<BCS NUMBER=1>
	1	w	4
			<D>	u = 0.0		</D>
			<D>	v = 0.0		</D>
			<D>	w = 0.0		</D>
			<H>	p 		</H>
</BCS>

<NODES NUMBER=77>
	1	-3.1415926535897931	-1	0
	2	-2.0943951023931953	-1	0
	3	-1.0471975511965976	-1	0
	4	 0.0			-1	0
	5	 1.0471975511965976	-1	0
	6	 2.0943951023931953	-1	0
	7	 3.1415926535897931	-1	0

	8 	-3.1415926535897931	-0.985	0
	9	-2.0943951023931953	-0.985	0
	10	-1.0471975511965976	-0.985	0
	11	 0.0			-0.985	0
	12	 1.0471975511965976	-0.985	0
	13	 2.0943951023931953	-0.985	0
	14	 3.1415926535897931	-0.985	0

	15	-3.1415926535897931	-0.95	0
	16	-2.0943951023931953	-0.95	0
	17	-1.0471975511965976	-0.95	0
	18	 0.0			-0.95	0
	19	 1.0471975511965976	-0.95	0
	20	 2.0943951023931953	-0.95	0
	21	 3.1415926535897931	-0.95	0

	22	-3.1415926535897931	-0.85	0
	23	-2.0943951023931953	-0.85	0
	24	-1.0471975511965976	-0.85	0
	25	 0.0			-0.85	0
	26	 1.0471975511965976	-0.85	0
	27	 2.0943951023931953	-0.85	0
	28	 3.1415926535897931	-0.85	0

	29	-3.1415926535897931	-0.6	0
	30	-2.0943951023931953	-0.6	0
	31	-1.0471975511965976	-0.6	0
	32	 0.0			-0.6	0
	33	 1.0471975511965976	-0.6 	0
	34	 2.0943951023931953	-0.6	0
	35	 3.1415926535897931	-0.6	0

	36	-3.1415926535897931	0	0
	37	-2.0943951023931953	0	0
	38	-1.0471975511965976	0	0
	39	 0.0			0	0
	40	 1.0471975511965976	0 	0
	41	 2.0943951023931953	0	0
	42	 3.1415926535897931	0	0

	43	-3.1415926535897931	0.6	0
	44	-2.0943951023931953	0.6	0
	45	-1.0471975511965976	0.6	0
	46	 0.0			0.6	0
	47	 1.0471975511965976	0.6 	0
	48	 2.0943951023931953	0.6	0
	49	 3.1415926535897931	0.6	0

	50	-3.1415926535897931	0.85	0
	51	-2.0943951023931953	0.85	0
	52	-1.0471975511965976	0.85	0
	53	 0.0			0.85	0
	54	 1.0471975511965976	0.85	0
	55	 2.0943951023931953	0.85	0
	56	 3.1415926535897931	0.85	0

	57	-3.1415926535897931	0.95	0
	58	-2.0943951023931953	0.95	0
	59	-1.0471975511965976	0.95	0
	60	 0.0			0.95	0
	61	 1.0471975511965976	0.95	0
	62	 2.0943951023931953	0.95	0
	63	 3.1415926535897931	0.95	0

	64	-3.1415926535897931	0.985	0
	65	-2.0943951023931953	0.985	0
	66	-1.0471975511965976	0.985	0
	67	 0.0			0.985	0
	68	 1.0471975511965976	0.985	0
	69	 2.0943951023931953	0.985	0
	70	 3.1415926535897931	0.985	0

	71	-3.1415926535897931	1	0
	72	-2.0943951023931953	1	0
	73	-1.0471975511965976	1	0
	74	 0.0			1	0
	75	 1.0471975511965976	1	0
	76	 2.0943951023931953	1	0
	77	 3.1415926535897931	1	0

</NODES>

<ELEMENTS NUMBER=60>
	1	<Q>	 1  2  9  8	</Q>
	2	<Q>	 2  3 10  9	</Q>
	3	<Q>	 3  4 11 10	</Q>
	4	<Q>	 4  5 12 11	</Q>
	5	<Q>	 5  6 13 12	</Q>
	6	<Q>	 6  7 14 13	</Q>

	7	<Q>	 8  9 16 15	</Q>
	8	<Q>	 9 10 17 16	</Q>
	9	<Q>	10 11 18 17	</Q>
	10	<Q>	11 12 19 18	</Q>
	11	<Q>	12 13 20 19	</Q>
	12	<Q>	13 14 21 20	</Q>

	13	<Q>	15 16 23 22	</Q>
	14	<Q>	16 17 24 23	</Q>
	15	<Q>	17 18 25 24	</Q>
	16	<Q>	18 19 26 25	</Q>
	17	<Q>	19 20 27 26	</Q>
	18	<Q>	20 21 28 27	</Q>

	19	<Q>	22 23 30 29	</Q>
	20	<Q>	23 24 31 30	</Q>
	21	<Q>	24 25 32 31	</Q>
	22	<Q>	25 26 33 32	</Q>
	23	<Q>	26 27 34 33	</Q>
	24	<Q>	27 28 35 34	</Q>

	25	<Q>	29 30 37 36	</Q>
	26	<Q>	30 31 38 37	</Q>
	27	<Q>	31 32 39 38	</Q>
	28	<Q>	32 33 40 39	</Q>
	29	<Q>	33 34 41 40	</Q>
	30	<Q>	34 35 42 41	</Q>

	31	<Q>	36 37 44 43	</Q>
	32	<Q>	37 38 45 44	</Q>
	33	<Q>	38 39 46 45	</Q>
	34	<Q>	39 40 47 46	</Q>
	35	<Q>	40 41 48 47	</Q>
	36	<Q>	41 42 49 48	</Q>

	37	<Q>	43 44 51 50	</Q>
	38	<Q>	44 45 52 51	</Q>
	39	<Q>	45 46 53 52	</Q>
	40	<Q>	46 47 54 53	</Q>
	41	<Q>	47 48 55 54	</Q>
	42	<Q>	48 49 56 55	</Q>

	43	<Q>	50 51 58 57	</Q>
	44	<Q>	51 52 59 58	</Q>
	45	<Q>	52 53 60 59	</Q>
	46	<Q>	53 54 61 60	</Q>
	47	<Q>	54 55 62 61	</Q>
	48	<Q>	55 56 63 62	</Q>

	49	<Q>	57 58 65 64	</Q>
	50	<Q>	58 59 66 65	</Q>
	51	<Q>	59 60 67 66	</Q>
	52	<Q>	60 61 68 67	</Q>
	53	<Q>	61 62 69 68	</Q>
	54	<Q>	62 63 70 69	</Q>

	55	<Q>	64 65 72 71	</Q>
	56	<Q>	65 66 73 72	</Q>
	57	<Q>	66 67 74 73	</Q>
	58	<Q>	67 68 75 74	</Q>
	59	<Q>	68 69 76 75	</Q>
	60	<Q>	69 70 77 76	</Q>

</ELEMENTS>

<SURFACES NUMBER=22>
	1	1	1	<B>	w	</B>
	2	2	1	<B>	w	</B>
	3	3	1	<B>	w	</B>
	4	4	1	<B>	w	</B>
	5	5	1	<B>	w	</B>
	6	6	1	<B>	w	</B>

	7	55	3	<B>	w	</B>
	8	56	3	<B>	w	</B>
	9	57	3	<B>	w	</B>
	10	58	3	<B>	w	</B>
	11	59	3	<B>	w	</B>
	12	60	3	<B>	w	</B>
	
	13	6	2	<P>	1	4	</P>
	14	12	2	<P>	7	4	</P>
	15	18	2	<P>	13	4	</P>
	16	24	2	<P>	19	4	</P>
	17	30	2	<P>	25	4	</P>
	18	36	2	<P>	31	4	</P>
	19	42	2	<P>	37	4	</P>
	20	48	2	<P>	43	4	</P>
	21	54	2	<P>	49	4	</P>
	22	60	2	<P>	55	4	</P>

</SURFACES>




