#
#	PIPE FLOW - Cartesian coordinates
#

<FIELDS>
	u v w p
</FIELDS>

<USER>
	u = 0.0
	v = 0.0
	w =  (PL_N/(1.0+PL_N))*(Q/(2*PL_K))^(1.0/PL_N)*(Rad^((PL_N+1.0)/PL_N)-sqrt(x*x+y*y)^((PL_N+1.0)/PL_N))
	p = 0.0
</USER>

<TOKENS>
	N_TIME	 = 2
	N_P	 = 11
	N_Z	 = 320
	BETA	 = 0.77
	N_STEP	 = 5000
	D_T	 = 0.001
        PowerLaw = 1
	PL_K     = 2.63009e-4
        PL_N     = 0.8
	PL_ZERO  = 0.000001
	KINVIS	 = 1.3333333e-4
	REFVIS   = 0.8*KINVIS
	Rad      = 0.5
	Q        = 2.0*PL_K*(((PL_N+1.0)/PL_N)^PL_N)*(Rad^(-PL_N-1.0))
	FFZ      = 1.59279e-2
	AVERAGE   = 3
	CHKPOINT  = 1 
	ITERATIVE = 1
	IO_HIS    = 20
	IO_CFL    = 20
	IO_FLD    = 2000
</TOKENS>


<GROUPS NUMBER=1>
	1	w	wall
</GROUPS>

<BCS NUMBER=1>
	1	w	4
			<D>	u = 0		</D>
			<D>	v = 0		</D>
			<D>     w = 0		</D>
			<H>	p = 0		</H>
</BCS>	

<HISTORY NUMBER=6>
        1       0.4750   0.0001   1.0000
        2       0.3000   0.0001   1.0000
        3       0.0001   0.0001   1.0000
        4       0.4750   0.0001   4.1415
        5       0.3000   0.0001   4.1415
        6       0.0001   0.0001   4.1415
</HISTORY>


<NODES NUMBER=176>
            1   0.4968   0.0560   0.0000
            2   0.4719   0.1651   0.0000
            3   0.4233   0.2660   0.0000
            4   0.3536   0.3536   0.0000
            5   0.2660   0.4233   0.0000
            6   0.1651   0.4719   0.0000
            7   0.0560   0.4968   0.0000
            8  -0.0560   0.4968   0.0000
            9  -0.1651   0.4719   0.0000
           10  -0.2660   0.4233   0.0000
           11  -0.3536   0.3536   0.0000
           12  -0.4233   0.2660   0.0000
           13  -0.4719   0.1651   0.0000
           14  -0.4968   0.0560   0.0000
           15  -0.4968  -0.0560   0.0000
           16  -0.4719  -0.1651   0.0000
           17  -0.4233  -0.2660   0.0000
           18  -0.3536  -0.3536   0.0000
           19  -0.2660  -0.4233   0.0000
           20  -0.1651  -0.4719   0.0000
           21  -0.0560  -0.4968   0.0000
           22   0.0560  -0.4968   0.0000
           23   0.1651  -0.4719   0.0000
           24   0.2660  -0.4233   0.0000
           25   0.3536  -0.3536   0.0000
           26   0.4233  -0.2660   0.0000
           27   0.4719  -0.1651   0.0000
           28   0.4968  -0.0560   0.0000

           29   0.4770   0.0537   0.0000
           30   0.4531   0.1585   0.0000
           31   0.4064   0.2554   0.0000
           32   0.3394   0.3394   0.0000
           33   0.2554   0.4064   0.0000
           34   0.1585   0.4531   0.0000
           35   0.0537   0.4770   0.0000
           36  -0.0537   0.4770   0.0000
           37  -0.1585   0.4531   0.0000
           38  -0.2554   0.4064   0.0000
           39  -0.3394   0.3394   0.0000
           40  -0.4064   0.2554   0.0000
           41  -0.4531   0.1585   0.0000
           42  -0.4770   0.0537   0.0000
           43  -0.4770  -0.0537   0.0000
           44  -0.4531  -0.1585   0.0000
           45  -0.4064  -0.2554   0.0000
           46  -0.3394  -0.3394   0.0000
           47  -0.2554  -0.4064   0.0000
           48  -0.1585  -0.4531   0.0000
           49  -0.0537  -0.4770   0.0000
           50   0.0537  -0.4770   0.0000
           51   0.1585  -0.4531   0.0000
           52   0.2554  -0.4064   0.0000
           53   0.3394  -0.3394   0.0000
           54   0.4064  -0.2554   0.0000
           55   0.4531  -0.1585   0.0000
           56   0.4770  -0.0537   0.0000

           57   0.4422   0.0498   0.0000
           58   0.4200   0.1470   0.0000
           59   0.3768   0.2368   0.0000
           60   0.3147   0.3147   0.0000
           61   0.2368   0.3768   0.0000
           62   0.1470   0.4200   0.0000
           63   0.0498   0.4422   0.0000
           64  -0.0498   0.4422   0.0000
           65  -0.1470   0.4200   0.0000
           66  -0.2368   0.3768   0.0000
           67  -0.3147   0.3147   0.0000
           68  -0.3768   0.2368   0.0000
           69  -0.4200   0.1470   0.0000
           70  -0.4422   0.0498   0.0000
           71  -0.4422  -0.0498   0.0000
           72  -0.4200  -0.1470   0.0000
           73  -0.3768  -0.2368   0.0000
           74  -0.3147  -0.3147   0.0000
           75  -0.2368  -0.3768   0.0000
           76  -0.1470  -0.4200   0.0000
           77  -0.0498  -0.4422   0.0000
           78   0.0498  -0.4422   0.0000
           79   0.1470  -0.4200   0.0000
           80   0.2368  -0.3768   0.0000
           81   0.3147  -0.3147   0.0000
           82   0.3768  -0.2368   0.0000
           83   0.4200  -0.1470   0.0000
           84   0.4422  -0.0498   0.0000

           85   0.3806    0.0464     0.0000
           86   0.3666    0.1326     0.0000
           87   0.3321    0.2178     0.0000
           88   0.2836    0.2869     0.0000
           89   0.2127    0.3305     0.0000
           90   0.1269    0.3646     0.0000
           91   0.0429    0.3816     0.0000
           92  -0.0429    0.3816     0.0000
           93  -0.1269    0.3646     0.0000
           94  -0.2127    0.3305     0.0000
           95  -0.2836    0.2869     0.0000
           96  -0.3321    0.2178     0.0000
           97  -0.3666    0.1326     0.0000
           98  -0.3806    0.0464     0.0000
           99  -0.3806   -0.0464     0.0000
          100  -0.3666   -0.1326     0.0000
          101  -0.3321   -0.2178     0.0000
          102  -0.2836   -0.2869     0.0000
          103  -0.2127   -0.3305     0.0000
          104  -0.1269   -0.3646     0.0000
          105  -0.0429   -0.3816     0.0000
          106   0.0429   -0.3816     0.0000
          107   0.1269   -0.3646     0.0000
          108   0.2127   -0.3305     0.0000
          109   0.2836   -0.2869     0.0000
          110   0.3321   -0.2178     0.0000
          111   0.3666   -0.1326     0.0000
          112   0.3806   -0.0464     0.0000

          113   0.3060    0.0398     0.0000
          114   0.2976    0.1080     0.0000
          115   0.2705    0.1837     0.0000
          116   0.2491    0.2519     0.0000
          117   0.1800    0.2746     0.0000
          118   0.1054    0.2992     0.0000
          119   0.0345    0.3078     0.0000
          120  -0.0345    0.3078     0.0000
          121  -0.1054    0.2992     0.0000
          122  -0.1800    0.2746     0.0000
          123  -0.2491    0.2519     0.0000
          124  -0.2705    0.1837     0.0000
          125  -0.2976    0.1080     0.0000
          126  -0.3060    0.0398     0.0000
          127  -0.3060   -0.0398     0.0000
          128  -0.2976   -0.1080     0.0000
          129  -0.2705   -0.1837     0.0000
          130  -0.2491   -0.2519     0.0000
          131  -0.1800   -0.2746     0.0000
          132  -0.1054   -0.2992     0.0000
          133  -0.0345   -0.3078     0.0000
          134   0.0345   -0.3078     0.0000
          135   0.1054   -0.2992     0.0000
          136   0.1800   -0.2746     0.0000
          137   0.2491   -0.2519     0.0000
          138   0.2705   -0.1837     0.0000
          139   0.2976   -0.1080     0.0000
          140   0.3060   -0.0398     0.0000

          141   0.2257    0.0407     0.0000
          142   0.2090    0.1222     0.0000
          143   0.1931    0.1970     0.0000
          144   0.1166    0.2121     0.0000
          145   0.0401    0.2273     0.0000
          146  -0.0401    0.2273     0.0000
          147  -0.1166    0.2121     0.0000
          148  -0.1931    0.1970     0.0000
          149  -0.2090    0.1222     0.0000
          150  -0.2257    0.0407     0.0000
          151  -0.2257   -0.0407     0.0000
          152  -0.2090   -0.1222     0.0000
          153  -0.1931   -0.1970     0.0000
          154  -0.1166   -0.2121     0.0000
          155  -0.0401   -0.2273     0.0000
          156   0.0401   -0.2273     0.0000
          157   0.1166   -0.2121     0.0000
          158   0.1931   -0.1970     0.0000
          159   0.2090   -0.1222     0.0000
          160   0.2257   -0.0407     0.0000

          161   0.1400    0.0445     0.0000
          162   0.1305    0.1305     0.0000
          163   0.0445    0.1400     0.0000
          164  -0.0445    0.1400     0.0000
          165  -0.1305    0.1305     0.0000
          166  -0.1400    0.0445     0.0000
          167  -0.1400   -0.0445     0.0000
          168  -0.1305   -0.1305     0.0000
          169  -0.0445   -0.1400     0.0000
          170   0.0445   -0.1400     0.0000
          171   0.1305   -0.1305     0.0000
          172   0.1400   -0.0445     0.0000

          173   0.0485    0.0485     0.0000
          174  -0.0485    0.0485     0.0000
          175  -0.0485   -0.0485     0.0000
          176   0.0485   -0.0485     0.0000
</NODES>

<ELEMENTS NUMBER=161>
         1      <Q>      28       1      29      56  </Q>
         2      <Q>       1       2      30      29  </Q>
         3      <Q>       2       3      31      30  </Q>
         4      <Q>       3       4      32      31  </Q>
         5      <Q>       4       5      33      32  </Q>
         6      <Q>       5       6      34      33  </Q>
         7      <Q>       6       7      35      34  </Q>
         8      <Q>       7       8      36      35  </Q>
         9      <Q>       8       9      37      36  </Q>
        10      <Q>       9      10      38      37  </Q>
        11      <Q>      10      11      39      38  </Q>
        12      <Q>      11      12      40      39  </Q>
        13      <Q>      12      13      41      40  </Q>
        14      <Q>      13      14      42      41  </Q>
        15      <Q>      14      15      43      42  </Q>
        16      <Q>      15      16      44      43  </Q>
        17      <Q>      16      17      45      44  </Q>
        18      <Q>      17      18      46      45  </Q>
        19      <Q>      18      19      47      46  </Q>
        20      <Q>      19      20      48      47  </Q>
        21      <Q>      20      21      49      48  </Q>
        22      <Q>      21      22      50      49  </Q>
        23      <Q>      22      23      51      50  </Q>
        24      <Q>      23      24      52      51  </Q>
        25      <Q>      24      25      53      52  </Q>
        26      <Q>      25      26      54      53  </Q>
        27      <Q>      26      27      55      54  </Q>
        28      <Q>      27      28      56      55  </Q>

        29      <Q>      56      29      57      84  </Q>
        30      <Q>      29      30      58      57  </Q>
        31      <Q>      30      31      59      58  </Q>
        32      <Q>      31      32      60      59  </Q>
        33      <Q>      32      33      61      60  </Q>
        34      <Q>      33      34      62      61  </Q>
        35      <Q>      34      35      63      62  </Q>
        36      <Q>      35      36      64      63  </Q>
        37      <Q>      36      37      65      64  </Q>
        38      <Q>      37      38      66      65  </Q>
        39      <Q>      38      39      67      66  </Q>
        40      <Q>      39      40      68      67  </Q>
        41      <Q>      40      41      69      68  </Q>
        42      <Q>      41      42      70      69  </Q>
        43      <Q>      42      43      71      70  </Q>
        44      <Q>      43      44      72      71  </Q>
        45      <Q>      44      45      73      72  </Q>
        46      <Q>      45      46      74      73  </Q>
        47      <Q>      46      47      75      74  </Q>
        48      <Q>      47      48      76      75  </Q>
        49      <Q>      48      49      77      76  </Q>
        50      <Q>      49      50      78      77  </Q>
        51      <Q>      50      51      79      78  </Q>
        52      <Q>      51      52      80      79  </Q>
        53      <Q>      52      53      81      80  </Q>
        54      <Q>      53      54      82      81  </Q>
        55      <Q>      54      55      83      82  </Q>
        56      <Q>      55      56      84      83  </Q>

        57      <Q>      84      57      85     112  </Q>
        58      <Q>      57      58      86      85  </Q>
        59      <Q>      58      59      87      86  </Q>
        60      <Q>      59      60      88      87  </Q>
        61      <Q>      60      61      89      88  </Q>
        62      <Q>      61      62      90      89  </Q>
        63      <Q>      62      63      91      90  </Q>
        64      <Q>      63      64      92      91  </Q>
        65      <Q>      64      65      93      92  </Q>
        66      <Q>      65      66      94      93  </Q>
        67      <Q>      66      67      95      94  </Q>
        68      <Q>      67      68      96      95  </Q>
        69      <Q>      68      69      97      96  </Q>
        70      <Q>      69      70      98      97  </Q>
        71      <Q>      70      71      99      98  </Q>
        72      <Q>      71      72     100      99  </Q>
        73      <Q>      72      73     101     100  </Q>
        74      <Q>      73      74     102     101  </Q>
        75      <Q>      74      75     103     102  </Q>
        76      <Q>      75      76     104     103  </Q>
        77      <Q>      76      77     105     104  </Q>
        78      <Q>      77      78     106     105  </Q>
        79      <Q>      78      79     107     106  </Q>
        80      <Q>      79      80     108     107  </Q>
        81      <Q>      80      81     109     108  </Q>
        82      <Q>      81      82     110     109  </Q>
        83      <Q>      82      83     111     110  </Q>
        84      <Q>      83      84     112     111  </Q>

        85      <Q>     112      85     113     140  </Q>
        86      <Q>      85      86     114     113  </Q>
        87      <Q>      86      87     115     114  </Q>
        88      <Q>      87      88     116     115  </Q>
        89      <Q>      88      89     117     116  </Q>
        90      <Q>      89      90     118     117  </Q>
        91      <Q>      90      91     119     118  </Q>
        92      <Q>      91      92     120     119  </Q>
        93      <Q>      92      93     121     120  </Q>
        94      <Q>      93      94     122     121  </Q>
        95      <Q>      94      95     123     122  </Q>
        96      <Q>      95      96     124     123  </Q>
        97      <Q>      96      97     125     124  </Q>
        98      <Q>      97      98     126     125  </Q>
        99      <Q>      98      99     127     126  </Q>
       100      <Q>      99     100     128     127  </Q>
       101      <Q>     100     101     129     128  </Q>
       102      <Q>     101     102     130     129  </Q>
       103      <Q>     102     103     131     130  </Q>
       104      <Q>     103     104     132     131  </Q>
       105      <Q>     104     105     133     132  </Q>
       106      <Q>     105     106     134     133  </Q>
       107      <Q>     106     107     135     134  </Q>
       108      <Q>     107     108     136     135  </Q>
       109      <Q>     108     109     137     136  </Q>
       110      <Q>     109     110     138     137  </Q>
       111      <Q>     110     111     139     138  </Q>
       112      <Q>     111     112     140     139  </Q>

       113      <Q>     140     113     141     160  </Q>
       114      <Q>     113     114     142     141  </Q>
       115      <Q>     114     115     143     142  </Q>
       116      <Q>     115     116     117     143  </Q>
       117      <Q>     117     118     144     143  </Q>
       118      <Q>     118     119     145     144  </Q>
       119      <Q>     119     120     146     145  </Q>
       120      <Q>     120     121     147     146  </Q>
       121      <Q>     121     122     148     147  </Q>
       122      <Q>     122     123     124     148  </Q>
       123      <Q>     124     125     149     148  </Q>
       124      <Q>     125     126     150     149  </Q>
       125      <Q>     126     127     151     150  </Q>
       126      <Q>     127     128     152     151  </Q>
       127      <Q>     128     129     153     152  </Q>
       128      <Q>     129     130     131     153  </Q>
       129      <Q>     131     132     154     153  </Q>
       130      <Q>     132     133     155     154  </Q>
       131      <Q>     133     134     156     155  </Q>
       132      <Q>     134     135     157     156  </Q>
       133      <Q>     135     136     158     157  </Q>
       134      <Q>     136     137     138     158  </Q>
       135      <Q>     138     139     159     158  </Q>
       136      <Q>     139     140     160     159  </Q>

       137      <Q>     160     141     161     172  </Q>
       138      <Q>     141     142     162     161  </Q>
       139      <Q>     142     143     144     162  </Q>
       140      <Q>     144     145     163     162  </Q>
       141      <Q>     145     146     164     163  </Q>
       142      <Q>     146     147     165     164  </Q>
       143      <Q>     147     148     149     165  </Q>
       144      <Q>     149     150     166     165  </Q>
       145      <Q>     150     151     167     166  </Q>
       146      <Q>     151     152     168     167  </Q>
       147      <Q>     152     153     154     168  </Q>
       148      <Q>     154     155     169     168  </Q>
       149      <Q>     155     156     170     169  </Q>
       150      <Q>     156     157     171     170  </Q>
       151      <Q>     157     158     159     171  </Q>
       152      <Q>     159     160     172     171  </Q>

       153      <Q>     172     161     173     176  </Q>
       154      <Q>     161     162     163     173  </Q>
       155      <Q>     163     164     174     173  </Q>
       156      <Q>     164     165     166     174  </Q>
       157      <Q>     166     167     175     174  </Q>
       158      <Q>     167     168     169     175  </Q>
       159      <Q>     169     170     176     175  </Q>
       160      <Q>     170     171     172     176  </Q>

       161      <Q>     173     174     175     176  </Q>
</ELEMENTS>

<CURVES NUMBER=140>
	1	1	1	<ARC>	0.5	</ARC>
	2	2	1	<ARC>	0.5	</ARC>
	3	3	1	<ARC>	0.5	</ARC>
	4	4	1	<ARC>	0.5	</ARC>
	5	5	1	<ARC>	0.5	</ARC>
	6	6	1	<ARC>	0.5	</ARC>
	7	7	1	<ARC>	0.5	</ARC>
	8	8	1	<ARC>	0.5	</ARC>
	9	9	1	<ARC>	0.5	</ARC>
	10	10	1	<ARC>	0.5	</ARC>
	11	11	1	<ARC>	0.5	</ARC>
	12	12	1	<ARC>	0.5	</ARC>
	13	13	1	<ARC>	0.5	</ARC>
	14	14	1	<ARC>	0.5	</ARC>
	15	15	1	<ARC>	0.5	</ARC>
	16	16	1	<ARC>	0.5	</ARC>
	17	17	1	<ARC>	0.5	</ARC>
	18	18	1	<ARC>	0.5	</ARC>
	19	19	1	<ARC>	0.5	</ARC>
	20	20	1	<ARC>	0.5	</ARC>
	21	21	1	<ARC>	0.5	</ARC>
	22	22	1	<ARC>	0.5	</ARC>
	23	23	1	<ARC>	0.5	</ARC>
	24	24	1	<ARC>	0.5	</ARC>
	25	25	1	<ARC>	0.5	</ARC>
	26	26	1	<ARC>	0.5	</ARC>
	27	27	1	<ARC>	0.5	</ARC>
	28	28	1	<ARC>	0.5	</ARC>

	29	1	3	<ARC>	-0.48	</ARC>
	30	2	3	<ARC>	-0.48	</ARC>
	31	3	3	<ARC>	-0.48	</ARC>
	32	4	3	<ARC>	-0.48	</ARC>
	33	5	3	<ARC>	-0.48	</ARC>
	34	6	3	<ARC>	-0.48	</ARC>
	35	7	3	<ARC>	-0.48   </ARC>
	36	8	3	<ARC>	-0.48	</ARC>
	37	9	3	<ARC>	-0.48	</ARC>
	38	10	3	<ARC>	-0.48	</ARC>
	39	11	3	<ARC>	-0.48	</ARC>
	40	12	3	<ARC>	-0.48	</ARC>
	41	13	3	<ARC>	-0.48	</ARC>
	42	14	3	<ARC>	-0.48	</ARC>
	43	15	3	<ARC>	-0.48	</ARC>
	44	16	3	<ARC>	-0.48	</ARC>
	45	17	3	<ARC>	-0.48	</ARC>
	46	18	3	<ARC>	-0.48	</ARC>
	47	19	3	<ARC>	-0.48	</ARC>
	48	20	3	<ARC>	-0.48	</ARC>
	49	21	3	<ARC>	-0.48	</ARC>
	50	22	3	<ARC>	-0.48	</ARC>
	51	23	3	<ARC>	-0.48	</ARC>
	52	24	3	<ARC>	-0.48	</ARC>
	53	25	3	<ARC>	-0.48	</ARC>
	54	26	3	<ARC>	-0.48	</ARC>
	55	27	3	<ARC>	-0.48	</ARC>
	56	28	3	<ARC>	-0.48	</ARC>

	57	29	1	<ARC>	0.48	</ARC>
	58	30	1	<ARC>	0.48	</ARC>
	59	31	1	<ARC>	0.48	</ARC>
	60	32	1	<ARC>	0.48	</ARC>
	61	33	1	<ARC>	0.48	</ARC>
	62	34	1	<ARC>	0.48	</ARC>
	63	35	1	<ARC>	0.48	</ARC>
	64	36	1	<ARC>	0.48	</ARC>
	65	37	1	<ARC>	0.48	</ARC>
	66	38	1	<ARC>	0.48	</ARC>
	67	39	1	<ARC>	0.48	</ARC>
	68	40	1	<ARC>	0.48	</ARC>
	69	41	1	<ARC>	0.48	</ARC>
	70	42	1	<ARC>	0.48	</ARC>
	71	43	1	<ARC>	0.48	</ARC>
	72	44	1	<ARC>	0.48	</ARC>
	73	45	1	<ARC>	0.48	</ARC>
	74	46	1	<ARC>	0.48	</ARC>
	75	47	1	<ARC>	0.48	</ARC>
	76	48	1	<ARC>	0.48	</ARC>
	77	49	1	<ARC>	0.48	</ARC>
	78	50	1	<ARC>	0.48	</ARC>
	79	51	1	<ARC>	0.48	</ARC>
	80	52	1	<ARC>	0.48	</ARC>
	81	53	1	<ARC>	0.48	</ARC>
	82	54	1	<ARC>	0.48	</ARC>
	83	55	1	<ARC>	0.48	</ARC>
	84	56	1	<ARC>	0.48	</ARC>

	85	29	3	<ARC>	-0.445	</ARC>
	86	30	3	<ARC>	-0.445	</ARC>
	87	31	3	<ARC>	-0.445	</ARC>
	88	32	3	<ARC>	-0.445	</ARC>
	89	33	3	<ARC>	-0.445	</ARC>
	90	34	3	<ARC>	-0.445	</ARC>
	91	35	3	<ARC>	-0.445	</ARC>
	92	36	3	<ARC>	-0.445	</ARC>
	93	37	3	<ARC>	-0.445	</ARC>
	94	38	3	<ARC>	-0.445	</ARC>
	95	39	3	<ARC>	-0.445	</ARC>
	96	40	3	<ARC>	-0.445	</ARC>
	97	41	3	<ARC>	-0.445	</ARC>
	98	42	3	<ARC>	-0.445	</ARC>
	99	43	3	<ARC>	-0.445	</ARC>
	100	44	3	<ARC>	-0.445	</ARC>
	101	45	3	<ARC>	-0.445	</ARC>
	102	46	3	<ARC>	-0.445	</ARC>
	103	47	3	<ARC>	-0.445	</ARC>
	104	48	3	<ARC>	-0.445	</ARC>
	105	49	3	<ARC>	-0.445	</ARC>
	106	50	3	<ARC>	-0.445	</ARC>
	107	51	3	<ARC>	-0.445	</ARC>
	108	52	3	<ARC>	-0.445	</ARC>
	109	53	3	<ARC>	-0.445	</ARC>
	110	54	3	<ARC>	-0.445	</ARC>
	111	55	3	<ARC>	-0.445	</ARC>
	112	56	3	<ARC>	-0.445	</ARC>

	113	57	1	<ARC>	0.445	</ARC>
	114	58	1	<ARC>	0.445	</ARC>
	115	59	1	<ARC>	0.445	</ARC>
	116	60	1	<ARC>	0.445	</ARC>
	117	61	1	<ARC>	0.445	</ARC>
	118	62	1	<ARC>	0.445	</ARC>
	119	63	1	<ARC>	0.445	</ARC>
	120	64	1	<ARC>	0.445	</ARC>
	121	65	1	<ARC>	0.445	</ARC>
	122	66	1	<ARC>	0.445	</ARC>
	123	67	1	<ARC>	0.445	</ARC>
	124	68	1	<ARC>	0.445	</ARC>
	125	69	1	<ARC>	0.445	</ARC>
	126	70	1	<ARC>	0.445	</ARC>
	127	71	1	<ARC>	0.445	</ARC>
	128	72	1	<ARC>	0.445	</ARC>
	129	73	1	<ARC>	0.445	</ARC>
	130	74	1	<ARC>	0.445	</ARC>
	131	75	1	<ARC>	0.445	</ARC>
	132	76	1	<ARC>	0.445	</ARC>
	133	77	1	<ARC>	0.445	</ARC>
	134	78	1	<ARC>	0.445	</ARC>
	135	79	1	<ARC>	0.445	</ARC>
	136	80	1	<ARC>	0.445	</ARC>
	137	81	1	<ARC>	0.445	</ARC>
	138	82	1	<ARC>	0.445	</ARC>
	139	83	1	<ARC>	0.445	</ARC>
	140	84	1	<ARC>	0.445	</ARC>
</CURVES>


<SURFACES NUMBER=28>
	1	1	1	<B>	w	</B>
	2	2	1	<B>	w	</B>
	3	3	1	<B>	w	</B>
	4	4	1	<B>	w	</B>
	5	5	1	<B>	w	</B>
	6	6	1	<B>	w	</B>
	7	7	1	<B>	w	</B>
	8	8	1	<B>	w	</B>
	9	9	1	<B>	w	</B>
	10	10	1	<B>	w	</B>
	11	11	1	<B>	w	</B>
	12	12	1	<B>	w	</B>
	13	13	1	<B>	w	</B>
	14	14	1	<B>	w	</B>
	15	15	1	<B>	w	</B>
	16	16	1	<B>	w	</B>
	17	17	1	<B>	w	</B>
	18	18	1	<B>	w	</B>
	19	19	1	<B>	w	</B>
	20	20	1	<B>	w	</B>
	21	21	1	<B>	w	</B>
	22	22	1	<B>	w	</B>
	23	23	1	<B>	w	</B>
	24	24	1	<B>	w	</B>
	25	25	1	<B>	w	</B>
	26	26	1	<B>	w	</B>
	27	27	1	<B>	w	</B>
	28	28	1	<B>	w	</B>
</SURFACES>

