# Circular cylinder, 88 elements.

<TOKENS>
	N_TIME	= 2
	N_P	= 8
	T_FINAL = 100
	D_T	= 0.01
	N_STEP  = int(T_FINAL/D_T)
	Re	= 200.0
	KINVIS	= 1.0/Re
</TOKENS>

<FIELDS>
	u	v	p
</FIELDS>

<GROUPS NUMBER=3>
	1	v	value
	2	w	wall
	3	o	exit
</GROUPS>

<BCS NUMBER=3>
	1	v	3
			<D>	u = 1.0		</D>
			<D>	v = 0.0		</D>
			<H>	p = 0.0		</H>
	2	w	3
			<D>	u = 0.0		</D>
			<D>	v = 0.0		</D>
			<H>	p = 0.0		</H>
	3	o	3
			<N>	u = 0.0		</N>
			<N>	v = 0.0		</N>
			<D>	p = 0.0		</D>
</BCS>

<NODES NUMBER=106>
	1	0.5		0.0		0.0
	2	0.45315		0.21131		0.0
	3	0.35355		0.35355		0.0
	4	0.0		0.5		0.0
	5	-0.35355	0.35355		0.0
	6	-0.5		0.0		0.0
	7	-0.35355	-0.35355	0.0
	8	0.0		-0.5		0.0
	9	0.35355		-0.35355	0.0
	10	0.45315		-0.21131	0.0
	11	0.6		0.0		0.0
	12	0.54378		0.25357		0.0
	13	0.42426		0.42426		0.0
	14	0.0		0.6		0.0
	15	-0.42426	0.42426		0.0
	16	-0.6		0.0		0.0
	17	-0.42426	-0.42426	0.0
	18	0.0		-0.6		0.0
	19	0.42426		-0.42426	0.0
	20	0.54378		-0.25357	0.0
	21	0.9		0.0		0.0
	22	0.81568		0.38036		0.0
	23	0.63640		0.63460		0.0
	24	0		0.9		0.0
	25	-0.63640	0.63460		0.0
	26	-0.9		0.0		0.0
	27	-0.63460	-0.63460	0.0
	28	0.0		-0.9		0.0
	29	0.63460		-0.63460	0.0
	30	0.81568		-0.38036	0.0
	31	1.75		0.0		0.0
	32	1.58604		0.73958		0.0
	33	1.23744		1.23744		0.0
	34	0.0		1.75		0.0
	35	-1.23744	1.23744		0.0
	36	-1.75		0.0		0.0
	37	-1.23744	-1.23744	0.0
	38	0.0		-1.75		0.0
	39	1.23744		-1.23744	0.0
	40	1.58604		-0.73958	0.0
	41	3.25		0.0		0.0
	42	2.94550		1.37351		0.0
	43	2.29810		2.29810		0.0
	44	0.0		3.25		0.0
	45	-2.29810	2.29810		0.0
	46	-3.25		0.0		0.0
	47	-2.29810	-2.29810	0.0
	48	0.0		-3.25		0.0
	49	2.29810		-2.29810	0.0
	50	2.94550		-1.37351	0.0
	51	-12.5		0.0		0.0
	52	-5.0		0.0		0.0
	53	5.0		0.0		0.0
	54	8.5		0.0		0.0
	55	12.0		0.0		0.0
	56	16.0		0.0		0.0
	57	20.0		0.0		0.0
	58	25.0		0.0		0.0
	59	5.0		2.33		0.0
	60	8.5		2.33		0.0
	61	12.0		2.33		0.0
	62	16.0		2.33		0.0
	63	20.0		2.33		0.0
	64	25.0		2.33		0.0
	65	5.0		-2.33		0.0
	66	8.5		-2.33		0.0
	67	12.0		-2.33		0.0
	68	16.0		-2.33		0.0
	69	20.0		-2.33		0.0
	70	25.0		-2.33		0.0
	71	-12.5		5.0		0.0
	72	-5.0		5.0		0.0
	73	0.0		5.0		0.0
	74	5.0		5.0		0.0
	75	8.5		5.0		0.0
	76	12.0		5.0		0.0
	77	16.0		5.0		0.0
	78	20.0		5.0		0.0
	79	25.0		5.0		0.0
	80	-12.5		-5.0		0.0
	81	-5.0		-5.0		0.0
	82	0.0		-5.0		0.0
	83	5.0		-5.0		0.0
	84	8.5		-5.0		0.0
	85	12.0		-5.0		0.0
	86	16.0		-5.0		0.0
	87	20.0		-5.0		0.0
	88	25.0		-5.0		0.0
	89	-12.5		12.5		0.0
	90	-5.0		12.5		0.0
	91	0.0		12.5		0.0
	92	5.0		12.5		0.0
	93	8.5		12.5		0.0
	94	12.0		12.5		0.0
	95	16.0		12.5		0.0
	96	20.0		12.5		0.0
	97	25.0		12.5		0.0
	98	-12.5		-12.5		0.0
	99	-5.0		-12.5		0.0
	100	0.0		-12.5		0.0
	101	5.0		-12.5		0.0
	102	8.5		-12.5		0.0
	103	12.0		-12.5		0.0
	104	16.0		-12.5		0.0
	105	20.0		-12.5		0.0
	106	25.0		-12.5		0.0
</NODES>

<ELEMENTS NUMBER=88>

 1	<Q>	  1  11  12   2	</Q>
 2	<Q>	  2  12  13   3	</Q>
 3	<Q>	  3  13  14   4	</Q>
 4	<Q>	  4  14  15   5	</Q>
 5	<Q>	  5  15  16   6	</Q>
 6	<Q>	  6  16  17   7	</Q>
 7	<Q>	  7  17  18   8	</Q>
 8	<Q>	  8  18  19   9	</Q>
 9	<Q>	  9  19  20  10	</Q>
10	<Q>	 10  20  11   1	</Q>

11	<Q>	 11  21  22  12	</Q>
12	<Q>	 12  22  23  13	</Q>
13	<Q>	 13  23  24  14	</Q>
14	<Q>	 14  24  25  15	</Q>
15	<Q>	 15  25  26  16	</Q>
16	<Q>	 16  26  27  17	</Q>
17	<Q>	 17  27  28  18	</Q>
18	<Q>	 18  28  29  19	</Q>
19	<Q>	 19  29  30  20	</Q>
20	<Q>	 20  30  21  11	</Q>

21	<Q>	 21  31  32  22	</Q>
22	<Q>	 22  32  33  23	</Q>
23	<Q>	 23  33  34  24	</Q>
24	<Q>	 24  34  35  25	</Q>
25	<Q>	 25  35  36  26	</Q>
26	<Q>	 26  36  37  27	</Q>
27	<Q>	 27  37  38  28	</Q>
28	<Q>	 28  38  39  29	</Q>
29	<Q>	 29  39  40  30	</Q>
30	<Q>	 30  40  31  21	</Q>

31	<Q>	 31  41  42  32	</Q>
32	<Q>	 32  42  43  33	</Q>
33	<Q>	 33  43  44  34	</Q>
34	<Q>	 34  44  45  35	</Q>
35	<Q>	 35  45  46  36	</Q>
36	<Q>	 36  46  47  37	</Q>
37	<Q>	 37  47  48  38	</Q>
38	<Q>	 38  48  49  39	</Q>
39	<Q>	 39  49  50  40	</Q>
40	<Q>	 40  50  41  31	</Q>

41	<Q>	 41  53  59  42	</Q>
42	<Q>	 42  59  74  43	</Q>
43	<Q>	 43  74  73  44	</Q>
44	<Q>	 44  73  72  45	</Q>
45	<Q>	 45  72  52  46	</Q>
46	<Q>	 46  52  81  47	</Q>
47	<Q>	 47  81  82  48	</Q>
48	<Q>	 48  82  83  49	</Q>
49	<Q>	 49  83  65  50	</Q>
50	<Q>	 50  65  53  41	</Q>

51	<Q>	 74  92  91  73	</Q>
52	<Q>	 73  91  90  72	</Q>
53	<Q>	 72  90  89  71	</Q>
54	<Q>	 52  72  71  51	</Q>
55	<Q>	 81  52  51  80	</Q>
56 	<Q>	 99  81  80  98	</Q>
57	<Q>	100  82  81  99	</Q>
58	<Q>	101  83  82 100	</Q>

59	<Q>	 75  93  92  74	</Q>
60	<Q>	 60  75  74  59	</Q>
61	<Q>	 54  60  59  53	</Q>
62	<Q>	 66  54  53  65	</Q>
63	<Q>	 84  66  65  83	</Q>
64	<Q>	102  84  83 101	</Q>

65	<Q>	 76  94  93  75	</Q>
66	<Q>	 61  76  75  60	</Q>
67	<Q>	 55  61  60  54	</Q>
68	<Q>	 67  55  54  66	</Q>
69	<Q>	 85  67  66  84	</Q>
70	<Q>	103  85  84 102	</Q>

71	<Q>	 77  95  94  76	</Q>
72	<Q>	 62  77  76  61	</Q>
73	<Q>	 56  62  61  55	</Q>
74	<Q>	 68  56  55  67	</Q>
75	<Q>	 86  68  67  85	</Q>
76	<Q>	104  86  85 103	</Q>

77	<Q>	 78  96  95  77	</Q>
78	<Q>	 63  78  77  62	</Q>
79	<Q>	 57  63  62  56	</Q>
80	<Q>	 69  57  56  68 </Q>
81	<Q>	 87  69  68  86	</Q>
82	<Q>	105  87  86 104	</Q>

83	<Q>	 79  97  96  78	</Q>
84	<Q>	 64  79  78  63	</Q>
85	<Q>	 58  64  63  57	</Q>
86	<Q>	 70  58  57  69	</Q>
87	<Q>	 88  70  69  87	</Q>
88	<Q>	106  88  87 105	</Q>

</ELEMENTS>

<SURFACES NUMBER=28>
	1	1	4	<B>	w	</B>
	2	2	4	<B>	w	</B>
	3	3	4	<B>	w	</B>
	4	4	4	<B>	w	</B>
	5	5	4	<B>	w	</B>
	6	6	4	<B>	w	</B>
	7	7	4	<B>	w	</B>
	8	8	4	<B>	w	</B>
	9	9	4	<B>	w	</B>
	10	10	4	<B>	w	</B>

	11	83	1	<B>	o	</B>
	12	84	1	<B>	o	</B>
	13	85	1	<B>	o	</B>
	14	86	1	<B>	o	</B>
	15	87	1	<B>	o	</B>
	16	88	1	<B>	o	</B>

	17	53	3	<B>	v	</B>
	18	54	3	<B>	v	</B>
	19	55	3	<B>	v	</B>
	20	56	3	<B>	v	</B>

	21	56	4	<P>	53	2	</P>
	22	57	4	<P>	52	2	</P>
	23	58	4	<P>	51	2	</P>
	24	64	4	<P>	59	2	</P>
	25	70	4	<P>	65	2	</P>
	26	76	4	<P>	71	2	</P>
	27	82	4	<P>	77	2	</P>
	28	88	4	<P>	83	2	</P>

</SURFACES>

<CURVES NUMBER=90>
 1	 1	4	<ARC>	-0.5	</ARC>	
 2	 2	4	<ARC>	-0.5	</ARC>	
 3	 3	4	<ARC>	-0.5	</ARC>	
 4	 4	4	<ARC>	-0.5	</ARC>	
 5	 5	4	<ARC>	-0.5	</ARC>	
 6	 6	4	<ARC>	-0.5	</ARC>	
 7	 7	4	<ARC>	-0.5	</ARC>	
 8	 8	4	<ARC>	-0.5	</ARC>
 9 	 9	4	<ARC>	-0.5	</ARC>
10	10	4	<ARC>	-0.5	</ARC>
11	 1	2	<ARC>	0.6	</ARC>	
12	 2	2	<ARC>	0.6	</ARC>	
13	 3	2	<ARC>	0.6	</ARC>	
14	 4	2	<ARC>	0.6	</ARC>	
15	 5	2	<ARC>	0.6	</ARC>	
16	 6	2	<ARC>	0.6	</ARC>	
17	 7	2	<ARC>	0.6	</ARC>	
18	 8	2	<ARC>	0.6	</ARC>	
19	 9	2	<ARC>	0.6	</ARC>
20	10	2	<ARC>	0.6	</ARC>
21	11	4	<ARC>	-0.6	</ARC>	
22	12	4	<ARC>	-0.6	</ARC>	
23	13	4	<ARC>	-0.6	</ARC>	
24	14	4	<ARC>	-0.6	</ARC>	
25	15	4	<ARC>	-0.6	</ARC>	
26	16	4	<ARC>	-0.6	</ARC>	
27	17	4	<ARC>	-0.6	</ARC>	
28	18	4	<ARC>	-0.6	</ARC>	
29	19	4	<ARC>	-0.6	</ARC>
30	20	4	<ARC>	-0.6	</ARC>
31	11	2	<ARC>	0.9	</ARC>
32	12	2	<ARC>	0.9	</ARC>
33	13	2	<ARC>	0.9	</ARC>
34	14	2	<ARC>	0.9	</ARC>
35	15	2	<ARC>	0.9	</ARC>
36	16	2	<ARC>	0.9	</ARC>
37	17	2	<ARC>	0.9	</ARC>
38	18	2	<ARC>	0.9	</ARC>
39	19	2	<ARC>	0.9	</ARC>
40	20	2	<ARC>	0.9	</ARC>
41	21	4	<ARC>	-0.9	</ARC>
42	22	4	<ARC>	-0.9	</ARC>
43	23	4	<ARC>	-0.9	</ARC>
44	24	4	<ARC>	-0.9	</ARC>
45	25	4	<ARC>	-0.9	</ARC>
46	26	4	<ARC>	-0.9	</ARC>
47	27	4	<ARC>	-0.9	</ARC>
48	28	4	<ARC>	-0.9	</ARC>
49	29	4	<ARC>	-0.9	</ARC>
50	30	4	<ARC>	-0.9	</ARC>
51	21	2	<ARC>	1.75	</ARC>
52	22	2	<ARC>	1.75	</ARC>
53	23	2	<ARC>	1.75	</ARC>
54	24	2	<ARC>	1.75	</ARC>
55	25	2	<ARC>	1.75	</ARC>
56	26	2	<ARC>	1.75	</ARC>
57	27	2	<ARC>	1.75	</ARC>
58	28	2	<ARC>	1.75	</ARC>
59	29	2	<ARC>	1.75	</ARC>
60	30	2	<ARC>	1.75	</ARC>
61	31	4	<ARC>	-1.75	</ARC>
62	32	4	<ARC>	-1.75	</ARC>
63	33	4	<ARC>	-1.75	</ARC>
64	34	4	<ARC>	-1.75	</ARC>
65	35	4	<ARC>	-1.75	</ARC>
66	36	4	<ARC>	-1.75	</ARC>
67	37	4	<ARC>	-1.75	</ARC>
68	38	4	<ARC>	-1.75	</ARC>
69	39	4	<ARC>	-1.75	</ARC>
70	40	4	<ARC>	-1.75	</ARC>
71	31	2	<ARC>	3.25	</ARC>
72	32	2	<ARC>	3.25	</ARC>
73	33	2	<ARC>	3.25	</ARC>
74	34	2	<ARC>	3.25	</ARC>
75	35	2	<ARC>	3.25	</ARC>
76	36	2	<ARC>	3.25	</ARC>
77	37	2	<ARC>	3.25	</ARC>
78	38	2	<ARC>	3.25	</ARC>
79	39	2	<ARC>	3.25	</ARC>
80	40	2	<ARC>	3.25	</ARC>
81	41	4	<ARC>	-3.25	</ARC>
82	42	4	<ARC>	-3.25	</ARC>
83	43	4	<ARC>	-3.25	</ARC>
84	44	4	<ARC>	-3.25	</ARC>
85	45	4	<ARC>	-3.25	</ARC>
86	46	4	<ARC>	-3.25	</ARC>
87	47	4	<ARC>	-3.25	</ARC>
88	48	4	<ARC>	-3.25	</ARC>
89	49	4	<ARC>	-3.25	</ARC>
90	50	4	<ARC>	-3.25	</ARC>
</CURVES>
