# Circular cylinder, 444 elements.

<FIELDS>
	u v p
</FIELDS>

<TOKENS>
	N_TIME	= 2
	N_P	= 10
	N_STEP	= 15000
	IO_FLD	= 500
	D_T	= 0.0025
	Re	= 500.0
	KINVIS	= 1.0/Re
	TOL_REL = 1e-10
	TOL_ABS = TOL_REL
</TOKENS>

<GROUPS NUMBER=3>
	1	v	velocity
	2	w	wall
	3	o	exit
</GROUPS>

<BCS NUMBER=3>
	1	v	3
			<D>	u = 1.0		</D>
			<D>	v = 0.0		</D>
			<H>	p = 0.0		</H>
	2	w	3
			<D>	u = 0.0		</D>
			<D>	v = 0.0		</D>
			<H>	p = 0.0		</H>
	3	o	3
			<N>	u = 0.0		</N>
			<N>	v = 0.0		</N>
			<D>	p = 0.0		</D>
</BCS>

<NODES NUMBER=480>
    1        0.9           0         0
    2     1.4086           0         0
    3    1.93755           0         0
    4    2.48765           0         0
    5    3.05976           0         0
    6    3.65475           0         0
    7    4.27354           0         0
    8    4.91709           0         0
    9    5.58637           0         0
   10        6.3           0         0
   11        7.1           0         0
   12        7.8           0         0
   13        8.7           0         0
   14        9.6           0         0
   15      10.75           0         0
   16       11.8           0         0
   17      12.95           0         0
   18    12.9466    0.830277         0
   19    12.8558     1.67117         0
   20    12.6701     2.55339         0
   21    12.3677     3.56711         0
   22         12           5         0
   23       8.25           5         0
   24          4           5         0
   25       0.25           5         0
   26         -4           5         0
   27         -4         2.7         0
   28         -4         1.1         0
   29         -4           0         0
   30       -2.5           0         0
   31      -1.85           0         0
   32   -1.31978           0         0
   33       -0.9           0         0
   34  -0.831492    0.344415         0
   35  -0.636396    0.636396         0
   36  -0.344415    0.831492         0
   37          0         0.9         0
   38   0.344415    0.831492         0
   39   0.636396    0.636396         0
   40   0.831492    0.344415         0
   41    1.32461    0.514135         0
   42    1.92694    0.589325         0
   43    2.53913    0.617702         0
   44    3.15344    0.612502         0
   45    3.75468    0.556259         0
   46    4.24885    0.463971         0
   47    4.71835    0.835656         0
   48    5.58955     0.83608         0
   49     6.3742    0.780807         0
   50    7.16029    0.745406         0
   51    7.94287    0.723034         0
   52    8.79966     0.71865         0
   53    9.71511    0.728919         0
   54    10.7338    0.754102         0
   55    11.7944    0.793427         0
   56   -1.26718    0.437499         0
   57   -1.16669    0.869969         0
   58  -0.628105     1.23665         0
   59 -0.0362331     1.39257         0
   60   0.516096      1.3321         0
   61     1.1314      1.1228         0
   62    8.84073     1.42266         0
   63    8.82474     2.10098         0
   64    8.74305     2.76629         0
   65    8.49715     3.56301         0
   66     3.9617     1.14857         0
   67    4.11357     1.92631         0
   68    4.28082     2.75289         0
   69    4.69564     3.51895         0
   70    8.01156     1.42809         0
   71    7.22416     1.47779         0
   72    6.44699     1.54175         0
   73    5.67931     1.72786         0
   74     4.8746     1.72967         0
   75    7.33851     3.03653         0
   76    5.80613     2.80396         0
   77    7.27787     2.19594         0
   78    6.51033     2.18055         0
   79    8.03854      2.0889         0
   80    8.04003     2.63057         0
   81    4.98718     2.42884         0
   82    5.62586     3.93105         0
   83    7.07145     3.98919         0
   84 -0.0329167     2.10154         0
   85   0.244847     3.17953         0
   86   0.624811     1.98152         0
   87    1.27341     1.90591         0
   88    1.97914     1.92075         0
   89    2.64817     1.95673         0
   90    3.33721     2.07414         0
   91    3.32691     3.13747         0
   92    2.32868     3.29728         0
   93    1.32874     3.30691         0
   94    1.35833     2.59857         0
   95     2.0885     2.59491         0
   96    2.68786     2.56303         0
   97   0.742661     2.58654         0
   98    1.38311     4.15225         0
   99     2.5706     4.14984         0
  100    3.26021     1.27605         0
  101     2.5885     1.26899         0
  102     1.9065     1.22547         0
  103   -2.42789     2.65789         0
  104   -1.06424     2.90268         0
  105   -2.13507     1.16934         0
  106  -0.965082     1.85255         0
  107   -1.75075    0.535612         0
  108   -2.51224     3.85954         0
  109   -1.10882     3.92074         0
  110    9.72705     1.44294         0
  111    10.6757     1.49407         0
  112    11.6971     1.58933         0
  113    9.67675     2.12611         0
  114    10.5449     2.18993         0
  115    11.4627     2.39868         0
  116    9.65709     3.44922         0
  117    10.9385     3.26206         0
  118    9.61036     2.77062         0
  119    10.3646     2.74087         0
  120    9.58246     4.20121         0
  121    10.8403     4.15442         0
  122    13.7416     4.22524         0
  123    13.8624     3.45299         0
  124    13.9945     2.57663         0
  125    14.1093     1.71169         0
  126    14.1861    0.856524         0
  127       14.2           0         0
  128    15.3625     4.22274         0
  129    15.3458     3.44297         0
  130    15.3361     2.58847         0
  131     15.401     1.74243         0
  132    15.4886    0.884133         0
  133       15.5           0         0
  134         17           5         0
  135    16.8222     3.50771         0
  136    16.6031     2.59187         0
  137    16.6701     1.78542         0
  138    16.8673    0.937581         0
  139         17           0         0
  140       18.7           0         0
  141       20.3           0         0
  142       21.9           0         0
  143    18.3104     1.08077         0
  144    19.8655     1.51569         0
  145    21.9399      1.4944         0
  146     17.809     1.86981         0
  147    18.6714     2.12716         0
  148    17.5839     2.48589         0
  149    18.3398     2.99598         0
  150    20.1058     2.87614         0
  151    22.0109     3.03985         0
  152    18.5157     3.98301         0
  153    20.2072     3.95305         0
  154         22           5         0
  155         24           0         0
  156    23.9832     1.42206         0
  157    23.9978     2.78884         0
  158    23.9989     3.89556         0
  159         26           0         0
  160    25.9953     1.40499         0
  161     25.998     2.79792         0
  162     25.999     3.89782         0
  163         28           0         0
  164         28         1.4         0
  165         28         3.1         0
  166         28           5         0
  167         30           0         0
  168         30         1.4         0
  169         30         2.8         0
  170         30         3.9         0
  171         32           0         0
  172         32         1.4         0
  173         32         2.8         0
  174         32         3.9         0
  175         34           0         0
  176         34         1.4         0
  177         34         3.1         0
  178         34           5         0
  179         36           0         0
  180         36         1.4         0
  181         36         2.8         0
  182         36         3.9         0
  183         38           0         0
  184         38         1.4         0
  185         38         2.8         0
  186         38         3.9         0
  187         40           0         0
  188         40         1.4         0
  189         40         3.1         0
  190         40           5         0
  191         42           0         0
  192         42         1.4         0
  193         42         2.8         0
  194         42         3.9         0
  195         44           0         0
  196         44         1.4         0
  197         44         2.8         0
  198         44         3.9         0
  199         46           0         0
  200         46         1.4         0
  201         46         3.1         0
  202         46           5         0
  203         48           0         0
  204         48         1.4         0
  205         48         2.8         0
  206         48         3.9         0
  207         50           0         0
  208         50         1.4         0
  209         50         2.8         0
  210         50         3.9         0
  211         52           0         0
  212         52         1.4         0
  213         52         3.1         0
  214         52           5         0
  215         52          15         0
  216         46          15         0
  217         40          15         0
  218         34          15         0
  219         28          15         0
  220         22          15         0
  221         17          15         0
  222         12          15         0
  223       8.25          15         0
  224          4          15         0
  225       0.25          15         0
  226         -4          15         0
  227        -10          15         0
  228        -10           5         0
  229        -10         2.7         0
  230        -10         1.1         0
  231        -10           0         0
  232    12.9466   -0.830277         0
  233    12.8558    -1.67117         0
  234    12.6701    -2.55339         0
  235    12.3677    -3.56711         0
  236         12          -5         0
  237       8.25          -5         0
  238          4          -5         0
  239       0.25          -5         0
  240         -4          -5         0
  241         -4        -2.7         0
  242         -4        -1.1         0
  243  -0.831492   -0.344415         0
  244  -0.636396   -0.636396         0
  245  -0.344415   -0.831492         0
  246          0        -0.9         0
  247   0.344415   -0.831492         0
  248   0.636396   -0.636396         0
  249   0.831492   -0.344415         0
  250    1.32461   -0.514135         0
  251    1.92694   -0.589325         0
  252    2.53913   -0.617702         0
  253    3.15344   -0.612502         0
  254    3.75468   -0.556259         0
  255    4.24885   -0.463971         0
  256    4.71835   -0.835656         0
  257    5.58955    -0.83608         0
  258     6.3742   -0.780807         0
  259    7.16029   -0.745406         0
  260    7.94287   -0.723034         0
  261    8.79966    -0.71865         0
  262    9.71511   -0.728919         0
  263    10.7338   -0.754102         0
  264    11.7944   -0.793427         0
  265   -1.26718   -0.437499         0
  266   -1.16669   -0.869969         0
  267  -0.628105    -1.23665         0
  268 -0.0362331    -1.39257         0
  269   0.516096     -1.3321         0
  270     1.1314     -1.1228         0
  271    8.84073    -1.42266         0
  272    8.82474    -2.10098         0
  273    8.74305    -2.76629         0
  274    8.49715    -3.56301         0
  275     3.9617    -1.14857         0
  276    4.11357    -1.92631         0
  277    4.28082    -2.75289         0
  278    4.69564    -3.51895         0
  279    8.01156    -1.42809         0
  280    7.22416    -1.47779         0
  281    6.44699    -1.54175         0
  282    5.67931    -1.72786         0
  283     4.8746    -1.72967         0
  284    7.33851    -3.03653         0
  285    5.80613    -2.80396         0
  286    7.27787    -2.19594         0
  287    6.51033    -2.18055         0
  288    8.03854     -2.0889         0
  289    8.04003    -2.63057         0
  290    4.98718    -2.42884         0
  291    5.62586    -3.93105         0
  292    7.07145    -3.98919         0
  293 -0.0329167    -2.10154         0
  294   0.244847    -3.17953         0
  295   0.624811    -1.98152         0
  296    1.27341    -1.90591         0
  297    1.97914    -1.92075         0
  298    2.64817    -1.95673         0
  299    3.33721    -2.07414         0
  300    3.32691    -3.13747         0
  301    2.32868    -3.29728         0
  302    1.32874    -3.30691         0
  303    1.35833    -2.59857         0
  304     2.0885    -2.59491         0
  305    2.68786    -2.56303         0
  306   0.742661    -2.58654         0
  307    1.38311    -4.15225         0
  308     2.5706    -4.14984         0
  309    3.26021    -1.27605         0
  310     2.5885    -1.26899         0
  311     1.9065    -1.22547         0
  312   -2.42789    -2.65789         0
  313   -1.06424    -2.90268         0
  314   -2.13507    -1.16934         0
  315  -0.965082    -1.85255         0
  316   -1.75075   -0.535612         0
  317   -2.51224    -3.85954         0
  318   -1.10882    -3.92074         0
  319    9.72705    -1.44294         0
  320    10.6757    -1.49407         0
  321    11.6971    -1.58933         0
  322    9.67675    -2.12611         0
  323    10.5449    -2.18993         0
  324    11.4627    -2.39868         0
  325    9.65709    -3.44922         0
  326    10.9385    -3.26206         0
  327    9.61036    -2.77062         0
  328    10.3646    -2.74087         0
  329    9.58246    -4.20121         0
  330    10.8403    -4.15442         0
  331    13.7416    -4.22524         0
  332    13.8624    -3.45299         0
  333    13.9945    -2.57663         0
  334    14.1093    -1.71169         0
  335    14.1861   -0.856524         0
  336    15.3625    -4.22274         0
  337    15.3458    -3.44297         0
  338    15.3361    -2.58847         0
  339     15.401    -1.74243         0
  340    15.4886   -0.884133         0
  341         17          -5         0
  342    16.8222    -3.50771         0
  343    16.6031    -2.59187         0
  344    16.6701    -1.78542         0
  345    16.8673   -0.937581         0
  346    18.3104    -1.08077         0
  347    19.8655    -1.51569         0
  348    21.9399     -1.4944         0
  349     17.809    -1.86981         0
  350    18.6714    -2.12716         0
  351    17.5839    -2.48589         0
  352    18.3398    -2.99598         0
  353    20.1058    -2.87614         0
  354    22.0109    -3.03985         0
  355    18.5157    -3.98301         0
  356    20.2072    -3.95305         0
  357         22          -5         0
  358    23.9832    -1.42206         0
  359    23.9978    -2.78884         0
  360    23.9989    -3.89556         0
  361    25.9953    -1.40499         0
  362     25.998    -2.79792         0
  363     25.999    -3.89782         0
  364         28        -1.4         0
  365         28        -3.1         0
  366         28          -5         0
  367         30        -1.4         0
  368         30        -2.8         0
  369         30        -3.9         0
  370         32        -1.4         0
  371         32        -2.8         0
  372         32        -3.9         0
  373         34        -1.4         0
  374         34        -3.1         0
  375         34          -5         0
  376         36        -1.4         0
  377         36        -2.8         0
  378         36        -3.9         0
  379         38        -1.4         0
  380         38        -2.8         0
  381         38        -3.9         0
  382         40        -1.4         0
  383         40        -3.1         0
  384         40          -5         0
  385         42        -1.4         0
  386         42        -2.8         0
  387         42        -3.9         0
  388         44        -1.4         0
  389         44        -2.8         0
  390         44        -3.9         0
  391         46        -1.4         0
  392         46        -3.1         0
  393         46          -5         0
  394         48        -1.4         0
  395         48        -2.8         0
  396         48        -3.9         0
  397         50        -1.4         0
  398         50        -2.8         0
  399         50        -3.9         0
  400         52        -1.4         0
  401         52        -3.1         0
  402         52          -5         0
  403         52         -15         0
  404         46         -15         0
  405         40         -15         0
  406         34         -15         0
  407         28         -15         0
  408         22         -15         0
  409         17         -15         0
  410         12         -15         0
  411       8.25         -15         0
  412          4         -15         0
  413       0.25         -15         0
  414         -4         -15         0
  415        -10         -15         0
  416        -10          -5         0
  417        -10        -2.7         0
  418        -10        -1.1         0

  419     0.50000    0.00000         0
  420     0.46194    0.19134         0
  421     0.35355    0.35355         0
  422     0.19134    0.46194         0
  423     0.00000    0.50000         0
  424    -0.19134    0.46194         0
  425    -0.35355    0.35355         0
  426    -0.46194    0.19134         0
  427    -0.50000    0.00000         0
  428    -0.46194   -0.19134         0
  429    -0.35355   -0.35355         0
  430    -0.19134   -0.46194         0
  431     0.00000   -0.50000         0
  432     0.19134   -0.46194         0
  433     0.35355   -0.35355         0
  434     0.46194   -0.19134         0

  435     0.60000    0.00000         0
  436     0.55433    0.22961         0
  437     0.42426    0.42426         0
  438     0.22961    0.55433         0
  439     0.00000    0.60000         0
  440    -0.22961    0.55433         0
  441    -0.42426    0.42426         0
  442    -0.55433    0.22961         0
  443    -0.60000    0.00000         0
  444    -0.55433   -0.22961         0
  445    -0.42426   -0.42426         0
  446    -0.22961   -0.55433         0
  447     0.00000   -0.60000         0
  448     0.22961   -0.55433         0
  449     0.42426   -0.42426         0
  450     0.55433   -0.22961         0

  451         52           0         0
  452         52         1.4         0
  453         52         3.1         0
  454         52           5         0
  455         54           0         0
  456         54         1.4         0
  457         54         2.8         0
  458         54         3.9         0
  459         56           0         0
  460         56         1.4         0
  461         56         2.8         0
  462         56         3.9         0
  463         58           0         0
  464         58         1.4         0
  465         58         3.1         0
  466         58           5         0
  467         58          15         0

  468         46        -1.4         0
  469         46        -3.1         0
  470         46          -5         0
  471         54        -1.4         0
  472         54        -2.8         0
  473         54        -3.9         0
  474         56        -1.4         0
  475         56        -2.8         0
  476         56        -3.9         0
  477         58        -1.4         0
  478         58        -3.1         0
  479         58          -5         0
  480         58         -15         0
</NODES>

<ELEMENTS NUMBER=444>
1 	<Q>   41   40    1    2		</Q>
2 	<Q>   42   41    2    3		</Q>
3 	<Q>   43   42    3    4		</Q>
4 	<Q>   44   43    4    5		</Q>
5 	<Q>   45   44    5    6		</Q>
6	<Q>   46   45    6    7		</Q>
7 	<Q>   47   46    7    8		</Q>
8 	<Q>   48   47    8    9		</Q>
9	<Q>   49   48    9   10		</Q>
10 	<Q>   50   49   10   11		</Q>
11 	<Q>   51   50   11   12		</Q>
12 	<Q>   52   51   12   13		</Q>
13 	<Q>   53   52   13   14		</Q>
14 	<Q>   54   53   14   15		</Q>
15 	<Q>   55   54   15   16		</Q>
16 	<Q>   55   16   17   18		</Q>
17 	<Q>   56   32   33   34		</Q>
18 	<Q>   57   56   34   35		</Q>
19 	<Q>   58   57   35   36		</Q>
20 	<Q>   59   58   36   37		</Q>
21 	<Q>   60   59   37   38		</Q>
22 	<Q>   61   60   38   39		</Q>
23 	<Q>   61   39	40   41		</Q>
24 	<Q>   78   72   71   77		</Q>
25 	<Q>   76   73   72   78		</Q>
26 	<Q>   78   77   75   76		</Q>
27 	<Q>   80   79   63   64		</Q>
28 	<Q>   75   77   79   80		</Q>
29 	<Q>   80   64   65   75		</Q>
30 	<Q>   70   62   63   79		</Q>
31 	<Q>   79   77   71   70		</Q>
32 	<Q>   81   68   67   74		</Q>
33 	<Q>   76   69   68   81		</Q>
34 	<Q>   81   74   73   76		</Q>
35 	<Q>   24   69   76   82		</Q>
36 	<Q>   82   83   23   24		</Q>
37 	<Q>   75   65   23   83		</Q>
38 	<Q>   83   82   76   75		</Q>
39 	<Q>   71   72   49   50		</Q>
40 	<Q>   50   51   70   71		</Q>
41 	<Q>   51   52   62   70		</Q>
42 	<Q>   48   49   72   73		</Q>
43 	<Q>   47   48   73   74		</Q>
44 	<Q>   47   74   67   66		</Q>
45 	<Q>   66   45   46   47		</Q>
46 	<Q>   96   95   88   89		</Q>
47 	<Q>   91   92   95   96		</Q>
48 	<Q>   96   89   90   91		</Q>
49 	<Q>   94   87   88   95		</Q>
50 	<Q>   95   92   93   94		</Q>
51 	<Q>   90   67   68   91		</Q>
52 	<Q>   97   86   87   94		</Q>
53 	<Q>   85   84   86   97		</Q>
54 	<Q>   97   94   93   85		</Q>
55 	<Q>   25   85   93   98		</Q>
56 	<Q>   98   99   24   25		</Q>
57 	<Q>   92   91   24   99		</Q>
58 	<Q>   99   98   93   92		</Q>
59 	<Q>   91   68   69   24		</Q>
60 	<Q>   66   67   90  100		</Q>
61 	<Q>  100   44   45   66		</Q>
62 	<Q>  100   90   89  101		</Q>
63 	<Q>  101   43   44  100		</Q>
64 	<Q>  101   89   88  102		</Q>
65 	<Q>  102   42   43  101		</Q>
66 	<Q>   87   86   60   61		</Q>
67 	<Q>   61   41   42  102		</Q>
68 	<Q>  102   88   87   61		</Q>
69 	<Q>   86   84   59   60		</Q>
70 	<Q>  105  107   56   57		</Q>
71 	<Q>   57   58  106  105		</Q>
72 	<Q>   31   32   56  107		</Q>
73 	<Q>  107  105   30   31		</Q>
74 	<Q>  106  104  103  105		</Q>
75 	<Q>   84   85  104  106		</Q>
76 	<Q>  106   58   59   84		</Q>
77 	<Q>   28   29   30  105		</Q>
78 	<Q>  105  103   27   28		</Q>
79 	<Q>   26   27  103  108		</Q>
80 	<Q>  108  109   25   26		</Q>
81 	<Q>  104   85   25  109		</Q>
82 	<Q>  109  108  103  104		</Q>
83 	<Q>  114  113  110  111		</Q>
84 	<Q>  115  114  111  112		</Q>
85 	<Q>  112   19   20  115		</Q>
86 	<Q>  113   63   62  110		</Q>
87 	<Q>  119  118  113  114		</Q>
88 	<Q>  117  116  118  119		</Q>
89 	<Q>  119  114  115  117		</Q>
90 	<Q>  115   20   21  117		</Q>
91 	<Q>   64   63  113  118		</Q>
92 	<Q>  118  116   65   64		</Q>
93 	<Q>   23   65  116  120		</Q>
94 	<Q>  120  121   22   23		</Q>
95 	<Q>  117   21   22  121		</Q>
96 	<Q>  121  120  116  117		</Q>
97 	<Q>   54   55  112  111		</Q>
98 	<Q>  111  110   53   54		</Q>
99 	<Q>   55   18   19  112		</Q>
100 	<Q>  110   62   52   53		</Q>
101 	<Q>   17  127  126   18		</Q>
102 	<Q>   18  126  125   19		</Q>
103 	<Q>   19  125  124   20		</Q>
104 	<Q>   20  124  123   21		</Q>
105 	<Q>   21  123  122   22		</Q>
106 	<Q>  127  133  132  126		</Q>
107 	<Q>  126  132  131  125		</Q>
108 	<Q>  125  131  130  124		</Q>
109 	<Q>  124  130  129  123		</Q>
110 	<Q>  123  129  128  122		</Q>
111 	<Q>  122  128  134   22		</Q>
112 	<Q>  133  139  138  132		</Q>
113 	<Q>  132  138  137  131		</Q>
114 	<Q>  131  137  136  130		</Q>
115 	<Q>  130  136  135  129		</Q>
116 	<Q>  129  135  134  128		</Q>
117 	<Q>  139  140  143  138		</Q>
118 	<Q>  140  141  144  143		</Q>
119 	<Q>  141  142  145  144		</Q>
120 	<Q>  138  143  146  137		</Q>
121 	<Q>  143  144  147  146		</Q>
122 	<Q>  144  145  151  150		</Q>
123 	<Q>  137  146  148  136		</Q>
124 	<Q>  146  147  149  148		</Q>
125 	<Q>  147  144  150  149		</Q>
126 	<Q>  136  148  149  135		</Q>
127 	<Q>  149  150  153  152		</Q>
128 	<Q>  150  151  154  153		</Q>
129 	<Q>  135  149  152  134		</Q>
130 	<Q>  134  152  153  154		</Q>
131 	<Q>  142  155  156  145		</Q>
132 	<Q>  145  156  157  151		</Q>
133 	<Q>  151  157  158  154		</Q>
134 	<Q>  155  159  160  156		</Q>
135 	<Q>  156  160  161  157		</Q>
136 	<Q>  157  161  162  158		</Q>
137 	<Q>  158  162  166  154		</Q>
138 	<Q>  159  163  164  160		</Q>
139 	<Q>  160  164  165  161		</Q>
140 	<Q>  161  165  166  162		</Q>
141 	<Q>  163  167  168  164		</Q>
142 	<Q>  164  168  169  165		</Q>
143 	<Q>  165  169  170  166		</Q>
144 	<Q>  167  171  172  168		</Q>
145 	<Q>  168  172  173  169		</Q>
146 	<Q>  169  173  174  170		</Q>
147 	<Q>  170  174  178  166		</Q>
148 	<Q>  171  175  176  172		</Q>
149 	<Q>  172  176  177  173		</Q>
150 	<Q>  173  177  178  174		</Q>
151 	<Q>  175  179  180  176		</Q>
152 	<Q>  176  180  181  177		</Q>
153 	<Q>  177  181  182  178		</Q>
154 	<Q>  179  183  184  180		</Q>
155 	<Q>  180  184  185  181		</Q>
156 	<Q>  181  185  186  182		</Q>
157 	<Q>  182  186  190  178		</Q>
158 	<Q>  183  187  188  184		</Q>
159 	<Q>  184  188  189  185		</Q>
160 	<Q>  185  189  190  186		</Q>
161 	<Q>  187  191  192  188		</Q>
162 	<Q>  188  192  193  189		</Q>
163 	<Q>  189  193  194  190		</Q>
164 	<Q>  191  195  196  192		</Q>
165 	<Q>  192  196  197  193		</Q>
166 	<Q>  193  197  198  194		</Q>
167 	<Q>  194  198  202  190		</Q>
168 	<Q>  195  199  200  196		</Q>
169 	<Q>  196  200  201  197		</Q>
170 	<Q>  197  201  202  198		</Q>
171 	<Q>  199  203  204  200		</Q>
172 	<Q>  200  204  205  201		</Q>
173 	<Q>  201  205  206  202		</Q>
174 	<Q>  203  207  208  204		</Q>
175 	<Q>  204  208  209  205		</Q>
176 	<Q>  205  209  210  206		</Q>
177 	<Q>  206  210  214  202		</Q>
178 	<Q>  207  211  212  208		</Q>
179 	<Q>  208  212  213  209		</Q>
180 	<Q>  209  213  214  210		</Q>
181 	<Q>  202  214  215  216		</Q>
182 	<Q>  190  202  216  217		</Q>
183 	<Q>  178  190  217  218		</Q>
184 	<Q>  166  178  218  219		</Q>
185 	<Q>  154  166  219  220		</Q>
186 	<Q>  134  154  220  221		</Q>
187 	<Q>   22  134  221  222		</Q>
188 	<Q>   23   22  222  223		</Q>
189 	<Q>   24   23  223  224		</Q>
190 	<Q>   25   24  224  225		</Q>
191 	<Q>   26   25  225  226		</Q>
192 	<Q>  228   26  226  227		</Q>
193 	<Q>  229   27   26  228		</Q>
194 	<Q>  230   28   27  229		</Q>
195 	<Q>  231   29   28  230		</Q>
196 	<Q>    2    1  249  250		</Q>
197 	<Q>    3    2  250  251		</Q>
198 	<Q>    4    3  251  252		</Q>
199 	<Q>    5    4  252  253		</Q>
200 	<Q>    6    5  253  254		</Q>
201 	<Q>    7    6  254  255		</Q>
202 	<Q>    8    7  255  256		</Q>
203 	<Q>    9    8  256  257		</Q>
204 	<Q>   10    9  257  258		</Q>
205 	<Q>   11   10  258  259		</Q>
206 	<Q>   12   11  259  260		</Q>
207 	<Q>   13   12  260  261		</Q>
208 	<Q>   14   13  261  262		</Q>
209 	<Q>   15   14  262  263		</Q>
210 	<Q>   16   15  263  264		</Q>
211 	<Q>  232   17   16  264		</Q>
212 	<Q>  243   33   32  265		</Q>
213 	<Q>  244  243  265  266		</Q>
214 	<Q>  245  244  266  267		</Q>
215 	<Q>  246  245  267  268		</Q>
216 	<Q>  247  246  268  269		</Q>
217 	<Q>  248  247  269  270		</Q>
218 	<Q>  250  249  248  270		</Q>
219 	<Q>  286  280  281  287		</Q>
220 	<Q>  287  281  282  285		</Q>
221 	<Q>  285  284  286  287		</Q>
222 	<Q>  273  272  288  289		</Q>
223 	<Q>  289  288  286  284		</Q>
224 	<Q>  284  274  273  289		</Q>
225 	<Q>  288  272  271  279		</Q>
226 	<Q>  279  280  286  288		</Q>
227 	<Q>  283  276  277  290		</Q>
228 	<Q>  290  277  278  285		</Q>
229 	<Q>  285  282  283  290		</Q>
230 	<Q>  291  285  278  238		</Q>
231 	<Q>  238  237  292  291		</Q>
232 	<Q>  292  237  274  284		</Q>
233 	<Q>  284  285  291  292		</Q>
234 	<Q>  259  258  281  280		</Q>
235 	<Q>  280  279  260  259		</Q>
236 	<Q>  279  271  261  260		</Q>
237 	<Q>  282  281  258  257		</Q>
238 	<Q>  283  282  257  256		</Q>
239 	<Q>  275  276  283  256		</Q>
240 	<Q>  256  255  254  275		</Q>
241 	<Q>  298  297  304  305		</Q>
242 	<Q>  305  304  301  300		</Q>
243 	<Q>  300  299  298  305		</Q>
244 	<Q>  304  297  296  303		</Q>
245 	<Q>  303  302  301  304		</Q>
246 	<Q>  300  277  276  299		</Q>
247 	<Q>  303  296  295  306		</Q>
248 	<Q>  306  295  293  294		</Q>
249 	<Q>  294  302  303  306		</Q>
250 	<Q>  307  302  294  239		</Q>
251 	<Q>  239  238  308  307		</Q>
252 	<Q>  308  238  300  301		</Q>
253 	<Q>  301  302  307  308		</Q>
254 	<Q>  238  278  277  300		</Q>
255 	<Q>  309  299  276  275		</Q>
256 	<Q>  275  254  253  309		</Q>
257 	<Q>  310  298  299  309		</Q>
258 	<Q>  309  253  252  310		</Q>
259 	<Q>  311  297  298  310		</Q>
260 	<Q>  310  252  251  311		</Q>
261 	<Q>  270  269  295  296		</Q>
262 	<Q>  311  251  250  270		</Q>
263 	<Q>  270  296  297  311		</Q>
264 	<Q>  269  268  293  295		</Q>
265 	<Q>  266  265  316  314		</Q>
266 	<Q>  314  315  267  266		</Q>
267 	<Q>  316  265   32   31		</Q>
268 	<Q>   31   30  314  316		</Q>
269 	<Q>  314  312  313  315		</Q>
270 	<Q>  315  313  294  293		</Q>
271 	<Q>  293  268  267  315		</Q>
272 	<Q>  314   30   29  242		</Q>
273 	<Q>  242  241  312  314		</Q>
274 	<Q>  317  312  241  240		</Q>
275 	<Q>  240  239  318  317		</Q>
276 	<Q>  318  239  294  313		</Q>
277 	<Q>  313  312  317  318		</Q>
278 	<Q>  320  319  322  323		</Q>
279 	<Q>  321  320  323  324		</Q>
280 	<Q>  324  234  233  321		</Q>
281 	<Q>  319  271  272  322		</Q>
282 	<Q>  323  322  327  328		</Q>
283 	<Q>  328  327  325  326		</Q>
284 	<Q>  326  324  323  328		</Q>
285 	<Q>  326  235  234  324		</Q>
286 	<Q>  327  322  272  273		</Q>
287 	<Q>  273  274  325  327		</Q>
288 	<Q>  329  325  274  237		</Q>
289 	<Q>  237  236  330  329		</Q>
290 	<Q>  330  236  235  326		</Q>
291 	<Q>  326  325  329  330		</Q>
292 	<Q>  320  321  264  263		</Q>
293 	<Q>  263  262  319  320		</Q>
294 	<Q>  321  233  232  264		</Q>
295 	<Q>  262  261  271  319		</Q>
296 	<Q>  232  335  127   17		</Q>
297 	<Q>  233  334  335  232		</Q>
298 	<Q>  234  333  334  233		</Q>
299 	<Q>  235  332  333  234		</Q>
300 	<Q>  236  331  332  235		</Q>
301 	<Q>  335  340  133  127		</Q>
302 	<Q>  334  339  340  335		</Q>
303 	<Q>  333  338  339  334		</Q>
304 	<Q>  332  337  338  333		</Q>
305 	<Q>  331  336  337  332		</Q>
306 	<Q>  236  341  336  331		</Q>
307 	<Q>  340  345  139  133		</Q>
308 	<Q>  339  344  345  340		</Q>
309 	<Q>  338  343  344  339		</Q>
310 	<Q>  337  342  343  338		</Q>
311 	<Q>  336  341  342  337		</Q>
312 	<Q>  345  346  140  139		</Q>
313 	<Q>  346  347  141  140		</Q>
314 	<Q>  347  348  142  141		</Q>
315 	<Q>  344  349  346  345		</Q>
316 	<Q>  349  350  347  346		</Q>
317 	<Q>  353  354  348  347		</Q>
318 	<Q>  343  351  349  344		</Q>
319 	<Q>  351  352  350  349		</Q>
320 	<Q>  352  353  347  350		</Q>
321 	<Q>  342  352  351  343		</Q>
322 	<Q>  355  356  353  352		</Q>
323 	<Q>  356  357  354  353		</Q>
324 	<Q>  341  355  352  342		</Q>
325 	<Q>  357  356  355  341		</Q>
326 	<Q>  348  358  155  142		</Q>
327 	<Q>  354  359  358  348		</Q>
328 	<Q>  357  360  359  354		</Q>
329 	<Q>  358  361  159  155		</Q>
330 	<Q>  359  362  361  358		</Q>
331 	<Q>  360  363  362  359		</Q>
332 	<Q>  357  366  363  360		</Q>
333 	<Q>  361  364  163  159		</Q>
334 	<Q>  362  365  364  361		</Q>
335 	<Q>  363  366  365  362		</Q>
336 	<Q>  364  367  167  163		</Q>
337 	<Q>  365  368  367  364		</Q>
338 	<Q>  366  369  368  365		</Q>
339 	<Q>  367  370  171  167		</Q>
340 	<Q>  368  371  370  367		</Q>
341 	<Q>  369  372  371  368		</Q>
342 	<Q>  366  375  372  369		</Q>
343 	<Q>  370  373  175  171		</Q>
344 	<Q>  371  374  373  370		</Q>
345 	<Q>  372  375  374  371		</Q>
346 	<Q>  373  376  179  175		</Q>
347 	<Q>  374  377  376  373		</Q>
348 	<Q>  375  378  377  374		</Q>
349 	<Q>  376  379  183  179		</Q>
350 	<Q>  377  380  379  376		</Q>
351 	<Q>  378  381  380  377		</Q>
352 	<Q>  375  384  381  378		</Q>
353 	<Q>  379  382  187  183		</Q>
354 	<Q>  380  383  382  379		</Q>
355 	<Q>  381  384  383  380		</Q>
356 	<Q>  382  385  191  187		</Q>
357 	<Q>  383  386  385  382		</Q>
358 	<Q>  384  387  386  383		</Q>
359 	<Q>  385  388  195  191		</Q>
360 	<Q>  386  389  388  385		</Q>
361 	<Q>  387  390  389  386		</Q>
362 	<Q>  384  393  390  387		</Q>
363 	<Q>  388  391  199  195		</Q>
364 	<Q>  389  392  391  388		</Q>
365 	<Q>  390  393  392  389		</Q>
366 	<Q>  391  394  203  199		</Q>
367 	<Q>  392  395  394  391		</Q>
368 	<Q>  393  396  395  392		</Q>
369 	<Q>  394  397  207  203		</Q>
370 	<Q>  395  398  397  394		</Q>
371 	<Q>  396  399  398  395		</Q>
372 	<Q>  393  402  399  396		</Q>
373 	<Q>  397  400  211  207		</Q>
374 	<Q>  398  401  400  397		</Q>
375 	<Q>  399  402  401  398		</Q>
376 	<Q>  404  403  402  393		</Q>
377 	<Q>  405  404  393  384		</Q>
378 	<Q>  406  405  384  375		</Q>
379 	<Q>  407  406  375  366		</Q>
380 	<Q>  408  407  366  357		</Q>
381 	<Q>  409  408  357  341		</Q>
382 	<Q>  410  409  341  236		</Q>
383 	<Q>  411  410  236  237		</Q>
384 	<Q>  412  411  237  238		</Q>
385 	<Q>  413  412  238  239		</Q>
386 	<Q>  414  413  239  240		</Q>
387 	<Q>  415  414  240  416		</Q>
388 	<Q>  416  240  241  417		</Q>
389 	<Q>  417  241  242  418		</Q>
390 	<Q>  418  242   29  231		</Q>

391 	<Q>  420  419  435  436		</Q>
392 	<Q>  421  420  436  437		</Q>
393 	<Q>  422  421  437  438		</Q>
394 	<Q>  423  422  438  439		</Q>
395 	<Q>  424  423  439  440		</Q>
396 	<Q>  425  424  440  441		</Q>
397 	<Q>  426  425  441  442		</Q>
398 	<Q>  427  426  442  443		</Q>
399 	<Q>  428  427  443  444		</Q>
400 	<Q>  429  428  444  445		</Q>
401 	<Q>  430  429  445  446		</Q>
402 	<Q>  431  430  446  447		</Q>
403 	<Q>  432  431  447  448		</Q>
404 	<Q>  433  432  448  449		</Q>
405 	<Q>  434  433  449  450		</Q>
406 	<Q>  419  434  450  435		</Q>

407 	<Q>  436  435    1   40		</Q>
408 	<Q>  437  436   40   39		</Q>
409 	<Q>  438  437   39   38		</Q>
410 	<Q>  439  438   38   37		</Q>
411 	<Q>  440  439   37   36		</Q>
412 	<Q>  441  440   36   35		</Q>
413 	<Q>  442  441   35   34		</Q>
414 	<Q>  443  442   34   33		</Q>
415 	<Q>  444  443   33  243		</Q>
416 	<Q>  445  444  243  244		</Q>
417 	<Q>  446  445  244  245		</Q>
418 	<Q>  447  446  245  246		</Q>
419 	<Q>  448  447  246  247		</Q>
420 	<Q>  449  448  247  248		</Q>
421 	<Q>  450  449  248  249		</Q>
422 	<Q>  435  450  249    1		</Q>

423	<Q>  211  455  456  212		</Q>
424	<Q>  455  459  460  456		</Q>
425	<Q>  459  463  464  460		</Q>
426	<Q>  212  456  457  213		</Q>
427	<Q>  456  460  461  457		</Q>
428	<Q>  460  464  465  461		</Q>
429	<Q>  213  457  458  214		</Q>
430	<Q>  457  461  462  458		</Q>
431	<Q>  461  465  466  462		</Q>
432	<Q>  458  462  466  214		</Q>

433	<Q>  400  471  455  211		</Q>
434	<Q>  471  474  459  455		</Q>
435	<Q>  474  477  463  459		</Q>
436	<Q>  401  472  471  400		</Q>
437	<Q>  472  475  474  471		</Q>
438	<Q>  475  478  477  474		</Q>
439	<Q>  402  473  472  401		</Q>
440	<Q>  473  476  475  472		</Q>
441	<Q>  476  479  478  475		</Q>
442	<Q>  402  479  476  473		</Q>

443	<Q>  214  466  467  215		</Q>
444	<Q>  403  480  479  402		</Q>
</ELEMENTS>

<SURFACES NUMBER=58>
	1	391	1	<B>	w	</B>
	2	392	1	<B>	w	</B>
	3	393	1	<B>	w	</B>
	4	394	1	<B>	w	</B>
	5	395	1	<B>	w	</B>
	6	396	1	<B>	w	</B>
	7	397	1	<B>	w	</B>
	8	398	1	<B>	w	</B>
	9	399	1	<B>	w	</B>
	10	400	1	<B>	w	</B>
	11	401	1	<B>	w	</B>
	12	402	1	<B>	w	</B>
	13	403	1	<B>	w	</B>
	14	404	1	<B>	w	</B>
	15	405	1	<B>	w	</B>
	16	406	1	<B>	w	</B>
	17	181	3	<B>	v	</B>
	18	182	3	<B>	v	</B>
	19	183	3	<B>	v	</B>
	20	184	3	<B>	v	</B>
	21	185	3	<B>	v	</B>
	22	186	3	<B>	v	</B>
	23	187	3	<B>	v	</B>
	24	188	3	<B>	v	</B>
	25	189	3	<B>	v	</B>
	26	190	3	<B>	v	</B>
	27	191	3	<B>	v	</B>
	28	192	3	<B>	v	</B>
	29	192	4	<B>	v	</B>
	30	193	4	<B>	v	</B>
	31	194	4	<B>	v	</B>
	32	195	4	<B>	v	</B>
	33	390	4	<B>	v	</B>
	34	389	4	<B>	v	</B>
	35	388	4	<B>	v	</B>
	36	387	4	<B>	v	</B>
	37	387	1	<B>	v	</B>
	38	386	1	<B>	v	</B>
	39	385	1	<B>	v	</B>
	40	384	1	<B>	v	</B>
	41	383	1	<B>	v	</B>
	42	382	1	<B>	v	</B>
	43	381	1	<B>	v	</B>
	44	380	1	<B>	v	</B>
	45	379	1	<B>	v	</B>
	46	378	1	<B>	v	</B>
	47	377	1	<B>	v	</B>
	48	376	1	<B>	v	</B>
	49	443	3	<B>	v	</B>
	50	444	1	<B>	v	</B>
	51	443	2	<B>	o	</B>
	52	431	2	<B>	o	</B>
	53	428	2	<B>	o	</B>
	54	425	2	<B>	o	</B>
	55	435	2	<B>	o	</B>
	56	438	2	<B>	o	</B>
	57	441	2	<B>	o	</B>
	58	444	2	<B>	o	</B>
</SURFACES>

<CURVES NUMBER=48>
1	391	1	<ARC>	-0.5	</ARC>
2	392	1	<ARC>	-0.5	</ARC>
3	393	1	<ARC>	-0.5	</ARC>
4	394	1	<ARC>	-0.5	</ARC>
5	395	1	<ARC>	-0.5	</ARC>
6	396	1	<ARC>	-0.5	</ARC>
7	397	1	<ARC>	-0.5	</ARC>
8	398	1	<ARC>	-0.5	</ARC>
9	399	1	<ARC>	-0.5	</ARC>
1	400	1	<ARC>	-0.5	</ARC>
1	401	1	<ARC>	-0.5	</ARC>
1	402	1	<ARC>	-0.5	</ARC>
1	403	1	<ARC>	-0.5	</ARC>
1	404	1	<ARC>	-0.5	</ARC>
1	405	1	<ARC>	-0.5	</ARC>
1	406	1	<ARC>	-0.5	</ARC>
1	391	3	<ARC>	+0.6	</ARC>
1	392	3	<ARC>	+0.6	</ARC>
1	393	3	<ARC>	+0.6	</ARC>
2	394	3	<ARC>	+0.6	</ARC>
2	395	3	<ARC>	+0.6	</ARC>
2	396	3	<ARC>	+0.6	</ARC>
2	397	3	<ARC>	+0.6	</ARC>
2	398	3	<ARC>	+0.6	</ARC>
2	399	3	<ARC>	+0.6	</ARC>
2	400	3	<ARC>	+0.6	</ARC>
2	401	3	<ARC>	+0.6	</ARC>
2	402	3	<ARC>	+0.6	</ARC>
2	403	3	<ARC>	+0.6	</ARC>
3	404	3	<ARC>	+0.6	</ARC>
3	405	3	<ARC>	+0.6	</ARC>
3	406	3	<ARC>	+0.6	</ARC>
3	407	1	<ARC>	-0.6	</ARC>
3	408	1	<ARC>	-0.6	</ARC>
3	409	1	<ARC>	-0.6	</ARC>
3	410	1	<ARC>	-0.6	</ARC>
3	411	1	<ARC>	-0.6	</ARC>
3	412	1	<ARC>	-0.6	</ARC>
3	413	1	<ARC>	-0.6	</ARC>
4	414	1	<ARC>	-0.6	</ARC>
4	415	1	<ARC>	-0.6	</ARC>
4	416	1	<ARC>	-0.6	</ARC>
4	417	1	<ARC>	-0.6	</ARC>
4	418	1	<ARC>	-0.6	</ARC>
4	419	1	<ARC>	-0.6	</ARC>
4	420	1	<ARC>	-0.6	</ARC>
4	421	1	<ARC>	-0.6	</ARC>
4	422	1	<ARC>	-0.6	</ARC>
</CURVES>
