# Circular cylinder, 502 elements.

<FIELDS>
	u v p
</FIELDS>

<TOKENS>
	N_TIME	  = 2
	N_P	  = 9
	N_STEP	  = 20000
	IO_FLD	  = 500
	IO_CFL    = 50
	IO_HIS    = 10
	D_T	  = 0.0015
	Re	  = 444.7
	KINVIS	  = 1.0/Re
	TOL_REL   = 1.0e-8
	CHKPOINT  = 1
	ITERATIVE = 1
	UTonD     = 6.50
	U         = UTonD/4.0
</TOKENS>

<GROUPS NUMBER=3>
	1	v	velocity
	2	w	wall
	3	o	exit
</GROUPS>

<BCS NUMBER=3>
	1	v	3
			<D>	u = U		</D>
			<D>	v = 0.0		</D>
			<H>	p = 0.0		</H>
	2	w	3
			<D>	u = 0.0		</D>
			<D>	v = 0.0		</D>
			<H>	p = 0.0		</H>
	3	o	3
			<N>	u = 0.0		</N>
			<N>	v = 0.0		</N>
			<D>	p = 0.0		</D>
</BCS>

<NODES NUMBER=533>
    1   8.000000e-01   0.000000e+00  0.0
    2   1.475273e+00   0.000000e+00  0.0
    3   2.275220e+00   0.000000e+00  0.0
    4   2.703081e+00   0.000000e+00  0.0
    5   3.133542e+00   0.000000e+00  0.0
    6   3.562899e+00   0.000000e+00  0.0
    7   4.025683e+00   0.000000e+00  0.0
    8   4.700000e+00   0.000000e+00  0.0
    9   5.400000e+00   0.000000e+00  0.0
   10   6.300000e+00   0.000000e+00  0.0
   11   7.149905e+00   0.000000e+00  0.0
   12   7.966546e+00   0.000000e+00  0.0
   13   8.830539e+00   0.000000e+00  0.0
   14   9.756292e+00   0.000000e+00  0.0
   15   1.076441e+01   0.000000e+00  0.0
   16   1.183374e+01   0.000000e+00  0.0
   17   1.298173e+01   0.000000e+00  0.0
   18   1.294660e+01   8.302770e-01  0.0
   19   1.285580e+01   1.671170e+00  0.0
   20   1.267010e+01   2.553390e+00  0.0
   21   1.236770e+01   3.567110e+00  0.0
   22   1.200000e+01   5.000000e+00  0.0
   23   8.250000e+00   5.000000e+00  0.0
   24   4.000000e+00   5.000000e+00  0.0
   25   2.500000e-01   5.000000e+00  0.0
   26  -4.000000e+00   5.000000e+00  0.0
   27  -4.000000e+00   2.700000e+00  0.0
   28  -4.000000e+00   1.100000e+00  0.0
   29  -4.000000e+00   0.000000e+00  0.0
   30  -2.500000e+00   0.000000e+00  0.0
   31  -1.850000e+00   0.000000e+00  0.0
   32  -1.396700e+00   0.000000e+00  0.0
   33  -8.000000e-01   0.000000e+00  0.0
   34  -7.391040e-01   3.061470e-01  0.0
   35  -5.656850e-01   5.656850e-01  0.0
   36  -3.061470e-01   7.391040e-01  0.0
   37   0.000000e+00   8.000000e-01  0.0
   38   2.322280e-01   7.655520e-01  0.0
   39   5.656850e-01   5.656850e-01  0.0
   40   7.391040e-01   3.061470e-01  0.0
   41   1.413464e+00   5.251572e-01  0.0
   42   2.250564e+00   6.651052e-01  0.0
   43   2.704486e+00   6.887019e-01  0.0
   44   3.155851e+00   6.704199e-01  0.0
   45   3.567738e+00   6.073735e-01  0.0
   46   3.864560e+00   5.253671e-01  0.0
   47   4.615819e+00   9.448171e-01  0.0
   48   5.509743e+00   8.702794e-01  0.0
   49   6.374200e+00   7.808070e-01  0.0
   50   7.172784e+00   7.454079e-01  0.0
   51   7.942870e+00   7.230340e-01  0.0
   52   8.799660e+00   7.186500e-01  0.0
   53   9.715110e+00   7.289190e-01  0.0
   54   1.073380e+01   7.541020e-01  0.0
   55   1.179440e+01   7.934270e-01  0.0
   56  -1.346958e+00   4.522272e-01  0.0
   57  -1.252781e+00   9.088720e-01  0.0
   58  -7.078390e-01   1.314808e+00  0.0
   59  -1.092871e-01   1.504363e+00  0.0
   60   3.970273e-01   1.472560e+00  0.0
   61   1.162746e+00   1.185534e+00  0.0
   62   8.840730e+00   1.422660e+00  0.0
   63   8.824740e+00   2.100980e+00  0.0
   64   8.743050e+00   2.766290e+00  0.0
   65   8.497150e+00   3.563010e+00  0.0
   66   3.930053e+00   1.369263e+00  0.0
   67   4.097740e+00   2.054956e+00  0.0
   68   4.274305e+00   2.814458e+00  0.0
   69   4.695640e+00   3.518950e+00  0.0
   70   8.011560e+00   1.428090e+00  0.0
   71   7.224160e+00   1.477790e+00  0.0
   72   6.446990e+00   1.541750e+00  0.0
   73   5.649021e+00   1.755738e+00  0.0
   74   4.833428e+00   1.807604e+00  0.0
   75   7.338510e+00   3.036530e+00  0.0
   76   5.806130e+00   2.803960e+00  0.0
   77   7.277870e+00   2.195940e+00  0.0
   78   6.510330e+00   2.180550e+00  0.0
   79   8.038540e+00   2.088900e+00  0.0
   80   8.040030e+00   2.630570e+00  0.0
   81   4.971288e+00   2.475341e+00  0.0
   82   5.625860e+00   3.931050e+00  0.0
   83   7.071450e+00   3.989190e+00  0.0
   84  -4.860231e-02   2.147838e+00  0.0
   85   2.448670e-01   3.207366e+00  0.0
   86   6.620386e-01   1.994049e+00  0.0
   87   1.314367e+00   2.075629e+00  0.0
   88   1.973045e+00   1.994550e+00  0.0
   89   2.684887e+00   2.109867e+00  0.0
   90   3.354318e+00   2.231254e+00  0.0
   91   3.333150e+00   3.209933e+00  0.0
   92   2.333371e+00   3.343037e+00  0.0
   93   1.334208e+00   3.344990e+00  0.0
   94   1.376230e+00   2.678583e+00  0.0
   95   2.096709e+00   2.669476e+00  0.0
   96   2.704915e+00   2.663092e+00  0.0
   97   7.610453e-01   2.626666e+00  0.0
   98   1.383110e+00   4.152250e+00  0.0
   99   2.570600e+00   4.149840e+00  0.0
  100   3.302731e+00   1.552842e+00  0.0
  101   2.709769e+00   1.555252e+00  0.0
  102   2.142137e+00   1.475768e+00  0.0
  103  -2.429648e+00   2.661998e+00  0.0
  104  -1.071120e+00   2.919393e+00  0.0
  105  -2.135070e+00   1.169340e+00  0.0
  106  -9.906578e-01   1.887845e+00  0.0
  107  -1.750750e+00   5.356120e-01  0.0
  108  -2.512240e+00   3.859540e+00  0.0
  109  -1.108820e+00   3.920740e+00  0.0
  110   9.727050e+00   1.442940e+00  0.0
  111   1.067570e+01   1.494070e+00  0.0
  112   1.169710e+01   1.589330e+00  0.0
  113   9.676750e+00   2.126110e+00  0.0
  114   1.054490e+01   2.189930e+00  0.0
  115   1.146270e+01   2.398680e+00  0.0
  116   9.657090e+00   3.449220e+00  0.0
  117   1.093850e+01   3.262060e+00  0.0
  118   9.610360e+00   2.770620e+00  0.0
  119   1.036460e+01   2.740870e+00  0.0
  120   9.582460e+00   4.201210e+00  0.0
  121   1.084030e+01   4.154420e+00  0.0
  122   1.374160e+01   4.225240e+00  0.0
  123   1.386240e+01   3.452990e+00  0.0
  124   1.399450e+01   2.576630e+00  0.0
  125   1.410930e+01   1.711690e+00  0.0
  126   1.418610e+01   8.565240e-01  0.0
  127   1.420000e+01   0.000000e+00  0.0
  128   1.536250e+01   4.222740e+00  0.0
  129   1.534580e+01   3.442970e+00  0.0
  130   1.533610e+01   2.588470e+00  0.0
  131   1.540100e+01   1.742430e+00  0.0
  132   1.548860e+01   8.841330e-01  0.0
  133   1.550000e+01   0.000000e+00  0.0
  134   1.700000e+01   5.000000e+00  0.0
  135   1.682220e+01   3.507710e+00  0.0
  136   1.660310e+01   2.591870e+00  0.0
  137   1.667010e+01   1.785420e+00  0.0
  138   1.686730e+01   9.375810e-01  0.0
  139   1.700000e+01   0.000000e+00  0.0
  140   1.870000e+01   0.000000e+00  0.0
  141   2.030000e+01   0.000000e+00  0.0
  142   2.190000e+01   0.000000e+00  0.0
  143   1.831040e+01   1.080770e+00  0.0
  144   1.986550e+01   1.515690e+00  0.0
  145   2.193990e+01   1.494400e+00  0.0
  146   1.780900e+01   1.869810e+00  0.0
  147   1.867140e+01   2.127160e+00  0.0
  148   1.758390e+01   2.485890e+00  0.0
  149   1.833980e+01   2.995980e+00  0.0
  150   2.010580e+01   2.876140e+00  0.0
  151   2.201090e+01   3.039850e+00  0.0
  152   1.851570e+01   3.983010e+00  0.0
  153   2.020720e+01   3.953050e+00  0.0
  154   2.200000e+01   5.000000e+00  0.0
  155   2.400000e+01   0.000000e+00  0.0
  156   2.398320e+01   1.422060e+00  0.0
  157   2.399780e+01   2.788840e+00  0.0
  158   2.399890e+01   3.895560e+00  0.0
  159   2.600000e+01   0.000000e+00  0.0
  160   2.599530e+01   1.404990e+00  0.0
  161   2.599800e+01   2.797920e+00  0.0
  162   2.599900e+01   3.897820e+00  0.0
  163   2.800000e+01   0.000000e+00  0.0
  164   2.800000e+01   1.400000e+00  0.0
  165   2.800000e+01   3.100000e+00  0.0
  166   2.800000e+01   5.000000e+00  0.0
  167   3.000000e+01   0.000000e+00  0.0
  168   3.000000e+01   1.400000e+00  0.0
  169   3.000000e+01   2.800000e+00  0.0
  170   3.000000e+01   3.900000e+00  0.0
  171   3.200000e+01   0.000000e+00  0.0
  172   3.200000e+01   1.400000e+00  0.0
  173   3.200000e+01   2.800000e+00  0.0
  174   3.200000e+01   3.900000e+00  0.0
  175   3.400000e+01   0.000000e+00  0.0
  176   3.400000e+01   1.400000e+00  0.0
  177   3.400000e+01   3.100000e+00  0.0
  178   3.400000e+01   5.000000e+00  0.0
  179   3.600000e+01   0.000000e+00  0.0
  180   3.600000e+01   1.400000e+00  0.0
  181   3.600000e+01   2.800000e+00  0.0
  182   3.600000e+01   3.900000e+00  0.0
  183   3.800000e+01   0.000000e+00  0.0
  184   3.800000e+01   1.400000e+00  0.0
  185   3.800000e+01   2.800000e+00  0.0
  186   3.800000e+01   3.900000e+00  0.0
  187   4.000000e+01   0.000000e+00  0.0
  188   4.000000e+01   1.400000e+00  0.0
  189   4.000000e+01   3.100000e+00  0.0
  190   4.000000e+01   5.000000e+00  0.0
  191   4.200000e+01   0.000000e+00  0.0
  192   4.200000e+01   1.400000e+00  0.0
  193   4.200000e+01   2.800000e+00  0.0
  194   4.200000e+01   3.900000e+00  0.0
  195   4.400000e+01   0.000000e+00  0.0
  196   4.400000e+01   1.400000e+00  0.0
  197   4.400000e+01   2.800000e+00  0.0
  198   4.400000e+01   3.900000e+00  0.0
  199   4.600000e+01   0.000000e+00  0.0
  200   4.600000e+01   1.400000e+00  0.0
  201   4.600000e+01   3.100000e+00  0.0
  202   4.600000e+01   5.000000e+00  0.0
  203   4.800000e+01   0.000000e+00  0.0
  204   4.800000e+01   1.400000e+00  0.0
  205   4.800000e+01   2.800000e+00  0.0
  206   4.800000e+01   3.900000e+00  0.0
  207   5.000000e+01   0.000000e+00  0.0
  208   5.000000e+01   1.400000e+00  0.0
  209   5.000000e+01   2.800000e+00  0.0
  210   5.000000e+01   3.900000e+00  0.0
  211   5.200000e+01   0.000000e+00  0.0
  212   5.200000e+01   1.400000e+00  0.0
  213   5.200000e+01   3.100000e+00  0.0
  214   5.200000e+01   5.000000e+00  0.0
  215   5.200000e+01   1.500000e+01  0.0
  216   4.600000e+01   1.500000e+01  0.0
  217   4.000000e+01   1.500000e+01  0.0
  218   3.400000e+01   1.500000e+01  0.0
  219   2.800000e+01   1.500000e+01  0.0
  220   2.200000e+01   1.500000e+01  0.0
  221   1.700000e+01   1.500000e+01  0.0
  222   1.200000e+01   1.500000e+01  0.0
  223   8.250000e+00   1.500000e+01  0.0
  224   4.000000e+00   1.500000e+01  0.0
  225   2.500000e-01   1.500000e+01  0.0
  226  -4.000000e+00   1.500000e+01  0.0
  227  -1.000000e+01   1.500000e+01  0.0
  228  -1.000000e+01   5.000000e+00  0.0
  229  -1.000000e+01   2.700000e+00  0.0
  230  -1.000000e+01   1.100000e+00  0.0
  231  -1.000000e+01   0.000000e+00  0.0
  232   1.294660e+01  -8.302770e-01  0.0
  233   1.285580e+01  -1.671170e+00  0.0
  234   1.267010e+01  -2.553390e+00  0.0
  235   1.236770e+01  -3.567110e+00  0.0
  236   1.200000e+01  -5.000000e+00  0.0
  237   8.250000e+00  -5.000000e+00  0.0
  238   4.000000e+00  -5.000000e+00  0.0
  239   2.500000e-01  -5.000000e+00  0.0
  240  -4.000000e+00  -5.000000e+00  0.0
  241  -4.000000e+00  -2.700000e+00  0.0
  242  -4.000000e+00  -1.100000e+00  0.0
  243  -7.391040e-01  -3.061470e-01  0.0
  244  -5.656850e-01  -5.656850e-01  0.0
  245  -3.061470e-01  -7.391040e-01  0.0
  246   0.000000e+00  -8.000000e-01  0.0
  247   2.322280e-01  -7.655520e-01  0.0
  248   5.656850e-01  -5.656850e-01  0.0
  249   7.391040e-01  -3.061470e-01  0.0
  250   1.414046e+00  -5.209219e-01  0.0
  251   2.251945e+00  -6.542909e-01  0.0
  252   2.706361e+00  -6.736432e-01  0.0
  253   3.158163e+00  -6.516002e-01  0.0
  254   3.570215e+00  -5.870743e-01  0.0
  255   3.866751e+00  -5.071927e-01  0.0
  256   4.619546e+00  -9.171798e-01  0.0
  257   5.511191e+00  -8.596011e-01  0.0
  258   6.374200e+00  -7.808070e-01  0.0
  259   7.160290e+00  -7.454060e-01  0.0
  260   7.942870e+00  -7.230340e-01  0.0
  261   8.799660e+00  -7.186500e-01  0.0
  262   9.715110e+00  -7.289190e-01  0.0
  263   1.073380e+01  -7.541020e-01  0.0
  264   1.179440e+01  -7.934270e-01  0.0
  265  -1.346836e+00  -4.518881e-01  0.0
  266  -1.252388e+00  -9.079448e-01  0.0
  267  -7.066530e-01  -1.311907e+00  0.0
  268  -1.080281e-01  -1.500916e+00  0.0
  269   3.982135e-01  -1.468554e+00  0.0
  270   1.163953e+00  -1.179455e+00  0.0
  271   8.840730e+00  -1.422660e+00  0.0
  272   8.824740e+00  -2.100980e+00  0.0
  273   8.743050e+00  -2.766290e+00  0.0
  274   8.497150e+00  -3.563010e+00  0.0
  275   3.937541e+00  -1.312501e+00  0.0
  276   4.113570e+00  -1.926310e+00  0.0
  277   4.280312e+00  -2.767241e+00  0.0
  278   4.695640e+00  -3.518950e+00  0.0
  279   8.011560e+00  -1.428090e+00  0.0
  280   7.224160e+00  -1.477790e+00  0.0
  281   6.446990e+00  -1.541750e+00  0.0
  282   5.651037e+00  -1.740460e+00  0.0
  283   4.839885e+00  -1.756619e+00  0.0
  284   7.338510e+00  -3.036530e+00  0.0
  285   5.806130e+00  -2.803960e+00  0.0
  286   7.277870e+00  -2.195940e+00  0.0
  287   6.510330e+00  -2.180550e+00  0.0
  288   8.038540e+00  -2.088900e+00  0.0
  289   8.040030e+00  -2.630570e+00  0.0
  290   4.975442e+00  -2.442607e+00  0.0
  291   5.625860e+00  -3.931050e+00  0.0
  292   7.071450e+00  -3.989190e+00  0.0
  293  -4.652299e-02  -2.142011e+00  0.0
  294   2.474835e-01  -3.199878e+00  0.0
  295   6.638710e-01  -1.987283e+00  0.0
  296   1.316516e+00  -2.065343e+00  0.0
  297   1.975894e+00  -1.977698e+00  0.0
  298   2.689450e+00  -2.078743e+00  0.0
  299   3.361845e+00  -2.174075e+00  0.0
  300   3.337029e+00  -3.181628e+00  0.0
  301   2.335458e+00  -3.330216e+00  0.0
  302   1.335935e+00  -3.337428e+00  0.0
  303   1.378438e+00  -2.668238e+00  0.0
  304   2.099434e+00  -2.653316e+00  0.0
  305   2.708638e+00  -2.637896e+00  0.0
  306   7.632641e-01  -2.618466e+00  0.0
  307   1.383110e+00  -4.152250e+00  0.0
  308   2.570600e+00  -4.149840e+00  0.0
  309   3.308426e+00  -1.510856e+00  0.0
  310   2.713725e+00  -1.527767e+00  0.0
  311   2.144814e+00  -1.458596e+00  0.0
  312  -2.427890e+00  -2.657890e+00  0.0
  313  -1.064240e+00  -2.902680e+00  0.0
  314  -2.135070e+00  -1.169340e+00  0.0
  315  -9.881215e-01  -1.881484e+00  0.0
  316  -1.750750e+00  -5.356120e-01  0.0
  317  -2.512240e+00  -3.859540e+00  0.0
  318  -1.108820e+00  -3.920740e+00  0.0
  319   9.727050e+00  -1.442940e+00  0.0
  320   1.067570e+01  -1.494070e+00  0.0
  321   1.169710e+01  -1.589330e+00  0.0
  322   9.676750e+00  -2.126110e+00  0.0
  323   1.054490e+01  -2.189930e+00  0.0
  324   1.146270e+01  -2.398680e+00  0.0
  325   9.657090e+00  -3.449220e+00  0.0
  326   1.093850e+01  -3.262060e+00  0.0
  327   9.610360e+00  -2.770620e+00  0.0
  328   1.036460e+01  -2.740870e+00  0.0
  329   9.582460e+00  -4.201210e+00  0.0
  330   1.084030e+01  -4.154420e+00  0.0
  331   1.374160e+01  -4.225240e+00  0.0
  332   1.386240e+01  -3.452990e+00  0.0
  333   1.399450e+01  -2.576630e+00  0.0
  334   1.410930e+01  -1.711690e+00  0.0
  335   1.418610e+01  -8.565240e-01  0.0
  336   1.536250e+01  -4.222740e+00  0.0
  337   1.534580e+01  -3.442970e+00  0.0
  338   1.533610e+01  -2.588470e+00  0.0
  339   1.540100e+01  -1.742430e+00  0.0
  340   1.548860e+01  -8.841330e-01  0.0
  341   1.700000e+01  -5.000000e+00  0.0
  342   1.682220e+01  -3.507710e+00  0.0
  343   1.660310e+01  -2.591870e+00  0.0
  344   1.667010e+01  -1.785420e+00  0.0
  345   1.686730e+01  -9.375810e-01  0.0
  346   1.831040e+01  -1.080770e+00  0.0
  347   1.986550e+01  -1.515690e+00  0.0
  348   2.193990e+01  -1.494400e+00  0.0
  349   1.780900e+01  -1.869810e+00  0.0
  350   1.867140e+01  -2.127160e+00  0.0
  351   1.758390e+01  -2.485890e+00  0.0
  352   1.833980e+01  -2.995980e+00  0.0
  353   2.010580e+01  -2.876140e+00  0.0
  354   2.201090e+01  -3.039850e+00  0.0
  355   1.851570e+01  -3.983010e+00  0.0
  356   2.020720e+01  -3.953050e+00  0.0
  357   2.200000e+01  -5.000000e+00  0.0
  358   2.398320e+01  -1.422060e+00  0.0
  359   2.399780e+01  -2.788840e+00  0.0
  360   2.399890e+01  -3.895560e+00  0.0
  361   2.599530e+01  -1.404990e+00  0.0
  362   2.599800e+01  -2.797920e+00  0.0
  363   2.599900e+01  -3.897820e+00  0.0
  364   2.800000e+01  -1.400000e+00  0.0
  365   2.800000e+01  -3.100000e+00  0.0
  366   2.800000e+01  -5.000000e+00  0.0
  367   3.000000e+01  -1.400000e+00  0.0
  368   3.000000e+01  -2.800000e+00  0.0
  369   3.000000e+01  -3.900000e+00  0.0
  370   3.200000e+01  -1.400000e+00  0.0
  371   3.200000e+01  -2.800000e+00  0.0
  372   3.200000e+01  -3.900000e+00  0.0
  373   3.400000e+01  -1.400000e+00  0.0
  374   3.400000e+01  -3.100000e+00  0.0
  375   3.400000e+01  -5.000000e+00  0.0
  376   3.600000e+01  -1.400000e+00  0.0
  377   3.600000e+01  -2.800000e+00  0.0
  378   3.600000e+01  -3.900000e+00  0.0
  379   3.800000e+01  -1.400000e+00  0.0
  380   3.800000e+01  -2.800000e+00  0.0
  381   3.800000e+01  -3.900000e+00  0.0
  382   4.000000e+01  -1.400000e+00  0.0
  383   4.000000e+01  -3.100000e+00  0.0
  384   4.000000e+01  -5.000000e+00  0.0
  385   4.200000e+01  -1.400000e+00  0.0
  386   4.200000e+01  -2.800000e+00  0.0
  387   4.200000e+01  -3.900000e+00  0.0
  388   4.400000e+01  -1.400000e+00  0.0
  389   4.400000e+01  -2.800000e+00  0.0
  390   4.400000e+01  -3.900000e+00  0.0
  391   4.600000e+01  -1.400000e+00  0.0
  392   4.600000e+01  -3.100000e+00  0.0
  393   4.600000e+01  -5.000000e+00  0.0
  394   4.800000e+01  -1.400000e+00  0.0
  395   4.800000e+01  -2.800000e+00  0.0
  396   4.800000e+01  -3.900000e+00  0.0
  397   5.000000e+01  -1.400000e+00  0.0
  398   5.000000e+01  -2.800000e+00  0.0
  399   5.000000e+01  -3.900000e+00  0.0
  400   5.200000e+01  -1.400000e+00  0.0
  401   5.200000e+01  -3.100000e+00  0.0
  402   5.200000e+01  -5.000000e+00  0.0
  403   5.200000e+01  -1.500000e+01  0.0
  404   4.600000e+01  -1.500000e+01  0.0
  405   4.000000e+01  -1.500000e+01  0.0
  406   3.400000e+01  -1.500000e+01  0.0
  407   2.800000e+01  -1.500000e+01  0.0
  408   2.200000e+01  -1.500000e+01  0.0
  409   1.700000e+01  -1.500000e+01  0.0
  410   1.200000e+01  -1.500000e+01  0.0
  411   8.250000e+00  -1.500000e+01  0.0
  412   4.000000e+00  -1.500000e+01  0.0
  413   2.500000e-01  -1.500000e+01  0.0
  414  -4.000000e+00  -1.500000e+01  0.0
  415  -1.000000e+01  -1.500000e+01  0.0
  416  -1.000000e+01  -5.000000e+00  0.0
  417  -1.000000e+01  -2.700000e+00  0.0
  418  -1.000000e+01  -1.100000e+00  0.0
  419   5.000000e-01   0.000000e+00  0.0
  420   4.619400e-01   1.913400e-01  0.0
  421   3.535500e-01   3.535500e-01  0.0
  422   1.451420e-01   4.784700e-01  0.0
  423   0.000000e+00   5.000000e-01  0.0
  424  -1.913400e-01   4.619400e-01  0.0
  425  -3.535500e-01   3.535500e-01  0.0
  426  -4.619400e-01   1.913400e-01  0.0
  427  -5.000000e-01   0.000000e+00  0.0
  428  -4.619400e-01  -1.913400e-01  0.0
  429  -3.535500e-01  -3.535500e-01  0.0
  430  -1.913400e-01  -4.619400e-01  0.0
  431   0.000000e+00  -5.000000e-01  0.0
  432   1.451420e-01  -4.784700e-01  0.0
  433   3.535500e-01  -3.535500e-01  0.0
  434   4.619400e-01  -1.913400e-01  0.0
  435   6.000000e-01   0.000000e+00  0.0
  436   5.543300e-01   2.296100e-01  0.0
  437   4.242600e-01   4.242600e-01  0.0
  438   1.741710e-01   5.741640e-01  0.0
  439   0.000000e+00   6.000000e-01  0.0
  440  -2.296100e-01   5.543300e-01  0.0
  441  -4.242600e-01   4.242600e-01  0.0
  442  -5.543300e-01   2.296100e-01  0.0
  443  -6.000000e-01   0.000000e+00  0.0
  444  -5.543300e-01  -2.296100e-01  0.0
  445  -4.242600e-01  -4.242600e-01  0.0
  446  -2.296100e-01  -5.543300e-01  0.0
  447   0.000000e+00  -6.000000e-01  0.0
  448   1.741710e-01  -5.741640e-01  0.0
  449   4.242600e-01  -4.242600e-01  0.0
  450   5.543300e-01  -2.296100e-01  0.0
  451  -1.042908e+00   0.000000e+00  0.0
  452   1.120927e+00   0.000000e+00  0.0
  453   1.863066e+00   0.000000e+00  0.0
  454   4.903900e-01   9.754520e-02  0.0
  455   4.157300e-01   2.777900e-01  0.0
  456   2.777900e-01   4.157300e-01  0.0
  457   5.884700e-01   1.170500e-01  0.0
  458   4.988800e-01   3.333400e-01  0.0
  459   3.333400e-01   4.988800e-01  0.0
  460   7.846290e-01   1.560710e-01  0.0
  461   6.651760e-01   4.444560e-01  0.0
  462   4.444560e-01   6.651760e-01  0.0
  463   1.104992e+00   2.076716e-01  0.0
  464   1.055461e+00   4.170413e-01  0.0
  465   9.649705e-01   6.298519e-01  0.0
  466   8.168244e-01   8.386673e-01  0.0
  467   5.743569e-01   9.742354e-01  0.0
  468   2.817513e-01   1.074102e+00  0.0
  469  -7.637866e-02   1.084426e+00  0.0
  470  -4.778461e-01   9.594643e-01  0.0
  471  -8.209560e-01   6.996255e-01  0.0
  472  -9.874815e-01   3.645233e-01  0.0
  473   1.461097e+00   2.579280e-01  0.0
  474   1.324187e+00   8.211519e-01  0.0
  475   7.555344e-01   1.320646e+00  0.0
  476   1.852268e+00   2.981055e-01  0.0
  477   1.817966e+00   6.081081e-01  0.0
  478   1.756972e+00   9.456320e-01  0.0
  479   1.673001e+00   1.313496e+00  0.0
  480   1.631362e+00   1.648840e+00  0.0
  481   1.249121e+00   1.640064e+00  0.0
  482   8.888978e-01   1.651586e+00  0.0
  483   2.269935e+00   3.258454e-01  0.0
  484   2.702809e+00   3.372781e-01  0.0
  485   3.134470e+00   3.303321e-01  0.0
  486   3.546107e+00   3.083628e-01  0.0
  487   3.919565e+00   2.902575e-01  0.0
  488   4.242062e+00   3.231434e-01  0.0
  489   4.106894e+00   6.801379e-01  0.0
  490   3.705643e+00   9.285610e-01  0.0
  491   3.218708e+00   1.059060e+00  0.0
  492   2.711746e+00   1.086127e+00  0.0
  493   2.215355e+00   1.043158e+00  0.0
  494   4.903900e-01  -9.754520e-02  0.0
  495   4.157300e-01  -2.777900e-01  0.0
  496   2.777900e-01  -4.157300e-01  0.0
  497   5.884700e-01  -1.170500e-01  0.0
  498   4.988800e-01  -3.333400e-01  0.0
  499   3.333400e-01  -4.988800e-01  0.0
  500   7.846290e-01  -1.560710e-01  0.0
  501   6.651760e-01  -4.444560e-01  0.0
  502   4.444560e-01  -6.651760e-01  0.0
  503   1.105126e+00  -2.060139e-01  0.0
  504   1.055738e+00  -4.150309e-01  0.0
  505   9.653863e-01  -6.275048e-01  0.0
  506   8.173639e-01  -8.360520e-01  0.0
  507   5.749086e-01  -9.720404e-01  0.0
  508   2.823321e-01  -1.072162e+00  0.0
  509  -7.579155e-02  -1.082774e+00  0.0
  510  -4.773404e-01  -9.581782e-01  0.0
  511  -8.207081e-01  -6.990044e-01  0.0
  512  -9.873889e-01  -3.642366e-01  0.0
  513   1.461389e+00  -2.542733e-01  0.0
  514   1.325089e+00  -8.158069e-01  0.0
  515   7.566576e-01  -1.315994e+00  0.0
  516   1.852740e+00  -2.920365e-01  0.0
  517   1.818925e+00  -6.006487e-01  0.0
  518   1.758412e+00  -9.363437e-01  0.0
  519   1.674861e+00  -1.302495e+00  0.0
  520   1.633507e+00  -1.636816e+00  0.0
  521   1.250883e+00  -1.631385e+00  0.0
  522   8.904705e-01  -1.644887e+00  0.0
  523   2.270623e+00  -3.169064e-01  0.0
  524   2.703724e+00  -3.253310e-01  0.0
  525   3.135575e+00  -3.160456e-01  0.0
  526   3.547300e+00  -2.934163e-01  0.0
  527   3.920754e+00  -2.768074e-01  0.0
  528   4.243426e+00  -3.115251e-01  0.0
  529   4.109766e+00  -6.580860e-01  0.0
  530   3.709801e+00  -8.969511e-01  0.0
  531   3.222478e+00  -1.030868e+00  0.0
  532   2.714666e+00  -1.064965e+00  0.0
  533   2.217459e+00  -1.028549e+00  0.0
</NODES>

<ELEMENTS NUMBER=502>
    1	<Q>  464   40  460  463	</Q>
    2	<Q>  477   41  473  476	</Q>
    3	<Q>   43   42  483  484	</Q>
    4	<Q>   44   43  484  485	</Q>
    5	<Q>   45   44  485  486	</Q>
    6	<Q>   46   45  486  487	</Q>
    7	<Q>  489   46  487  488	</Q>
    8	<Q>   48   47    8    9	</Q>
    9	<Q>   49   48    9   10	</Q>
   10	<Q>   50   49   10   11	</Q>
   11	<Q>   51   50   11   12	</Q>
   12	<Q>   52   51   12   13	</Q>
   13	<Q>   53   52   13   14	</Q>
   14	<Q>   54   53   14   15	</Q>
   15	<Q>   55   54   15   16	</Q>
   16	<Q>   55   16   17   18	</Q>
   17	<Q>   56   32  451  472	</Q>
   18	<Q>   57   56  472  471	</Q>
   19	<Q>   58   57  471  470	</Q>
   20	<Q>   59   58  470  469	</Q>
   21	<Q>   60   59  469  468	</Q>
   22	<Q>  467  468   38  462	</Q>
   23	<Q>  466   39  461  465	</Q>
   24	<Q>   78   72   71   77	</Q>
   25	<Q>   76   73   72   78	</Q>
   26	<Q>   78   77   75   76	</Q>
   27	<Q>   80   79   63   64	</Q>
   28	<Q>   75   77   79   80	</Q>
   29	<Q>   80   64   65   75	</Q>
   30	<Q>   70   62   63   79	</Q>
   31	<Q>   79   77   71   70	</Q>
   32	<Q>   81   68   67   74	</Q>
   33	<Q>   76   69   68   81	</Q>
   34	<Q>   81   74   73   76	</Q>
   35	<Q>   24   69   76   82	</Q>
   36	<Q>   82   83   23   24	</Q>
   37	<Q>   75   65   23   83	</Q>
   38	<Q>   83   82   76   75	</Q>
   39	<Q>   71   72   49   50	</Q>
   40	<Q>   50   51   70   71	</Q>
   41	<Q>   51   52   62   70	</Q>
   42	<Q>   48   49   72   73	</Q>
   43	<Q>   47   48   73   74	</Q>
   44	<Q>   47   74   67   66	</Q>
   45	<Q>   66  490  489   47	</Q>
   46	<Q>   96   95   88   89	</Q>
   47	<Q>   91   92   95   96	</Q>
   48	<Q>   96   89   90   91	</Q>
   49	<Q>   94   87   88   95	</Q>
   50	<Q>   95   92   93   94	</Q>
   51	<Q>   90   67   68   91	</Q>
   52	<Q>   97   86   87   94	</Q>
   53	<Q>   85   84   86   97	</Q>
   54	<Q>   97   94   93   85	</Q>
   55	<Q>   25   85   93   98	</Q>
   56	<Q>   98   99   24   25	</Q>
   57	<Q>   92   91   24   99	</Q>
   58	<Q>   99   98   93   92	</Q>
   59	<Q>   91   68   69   24	</Q>
   60	<Q>   66   67   90  100	</Q>
   61	<Q>  100  491  490   66	</Q>
   62	<Q>  100   90   89  101	</Q>
   63	<Q>  101  492  491  100	</Q>
   64	<Q>  101   89   88  102	</Q>
   65	<Q>  102  493  492  101	</Q>
   66	<Q>  481  482  475   61	</Q>
   67	<Q>   61  474  478  479	</Q>
   68	<Q>  479  480  481   61	</Q>
   69	<Q>   86   84   59   60	</Q>
   70	<Q>  105  107   56   57	</Q>
   71	<Q>   57   58  106  105	</Q>
   72	<Q>   31   32   56  107	</Q>
   73	<Q>  107  105   30   31	</Q>
   74	<Q>  106  104  103  105	</Q>
   75	<Q>   84   85  104  106	</Q>
   76	<Q>  106   58   59   84	</Q>
   77	<Q>   28   29   30  105	</Q>
   78	<Q>  105  103   27   28	</Q>
   79	<Q>   26   27  103  108	</Q>
   80	<Q>  108  109   25   26	</Q>
   81	<Q>  104   85   25  109	</Q>
   82	<Q>  109  108  103  104	</Q>
   83	<Q>  114  113  110  111	</Q>
   84	<Q>  115  114  111  112	</Q>
   85	<Q>  112   19   20  115	</Q>
   86	<Q>  113   63   62  110	</Q>
   87	<Q>  119  118  113  114	</Q>
   88	<Q>  117  116  118  119	</Q>
   89	<Q>  119  114  115  117	</Q>
   90	<Q>  115   20   21  117	</Q>
   91	<Q>   64   63  113  118	</Q>
   92	<Q>  118  116   65   64	</Q>
   93	<Q>   23   65  116  120	</Q>
   94	<Q>  120  121   22   23	</Q>
   95	<Q>  117   21   22  121	</Q>
   96	<Q>  121  120  116  117	</Q>
   97	<Q>   54   55  112  111	</Q>
   98	<Q>  111  110   53   54	</Q>
   99	<Q>   55   18   19  112	</Q>
  100	<Q>  110   62   52   53	</Q>
  101	<Q>   17  127  126   18	</Q>
  102	<Q>   18  126  125   19	</Q>
  103	<Q>   19  125  124   20	</Q>
  104	<Q>   20  124  123   21	</Q>
  105	<Q>   21  123  122   22	</Q>
  106	<Q>  127  133  132  126	</Q>
  107	<Q>  126  132  131  125	</Q>
  108	<Q>  125  131  130  124	</Q>
  109	<Q>  124  130  129  123	</Q>
  110	<Q>  123  129  128  122	</Q>
  111	<Q>  122  128  134   22	</Q>
  112	<Q>  133  139  138  132	</Q>
  113	<Q>  132  138  137  131	</Q>
  114	<Q>  131  137  136  130	</Q>
  115	<Q>  130  136  135  129	</Q>
  116	<Q>  129  135  134  128	</Q>
  117	<Q>  139  140  143  138	</Q>
  118	<Q>  140  141  144  143	</Q>
  119	<Q>  141  142  145  144	</Q>
  120	<Q>  138  143  146  137	</Q>
  121	<Q>  143  144  147  146	</Q>
  122	<Q>  144  145  151  150	</Q>
  123	<Q>  137  146  148  136	</Q>
  124	<Q>  146  147  149  148	</Q>
  125	<Q>  147  144  150  149	</Q>
  126	<Q>  136  148  149  135	</Q>
  127	<Q>  149  150  153  152	</Q>
  128	<Q>  150  151  154  153	</Q>
  129	<Q>  135  149  152  134	</Q>
  130	<Q>  134  152  153  154	</Q>
  131	<Q>  142  155  156  145	</Q>
  132	<Q>  145  156  157  151	</Q>
  133	<Q>  151  157  158  154	</Q>
  134	<Q>  155  159  160  156	</Q>
  135	<Q>  156  160  161  157	</Q>
  136	<Q>  157  161  162  158	</Q>
  137	<Q>  158  162  166  154	</Q>
  138	<Q>  159  163  164  160	</Q>
  139	<Q>  160  164  165  161	</Q>
  140	<Q>  161  165  166  162	</Q>
  141	<Q>  163  167  168  164	</Q>
  142	<Q>  164  168  169  165	</Q>
  143	<Q>  165  169  170  166	</Q>
  144	<Q>  167  171  172  168	</Q>
  145	<Q>  168  172  173  169	</Q>
  146	<Q>  169  173  174  170	</Q>
  147	<Q>  170  174  178  166	</Q>
  148	<Q>  171  175  176  172	</Q>
  149	<Q>  172  176  177  173	</Q>
  150	<Q>  173  177  178  174	</Q>
  151	<Q>  175  179  180  176	</Q>
  152	<Q>  176  180  181  177	</Q>
  153	<Q>  177  181  182  178	</Q>
  154	<Q>  179  183  184  180	</Q>
  155	<Q>  180  184  185  181	</Q>
  156	<Q>  181  185  186  182	</Q>
  157	<Q>  182  186  190  178	</Q>
  158	<Q>  183  187  188  184	</Q>
  159	<Q>  184  188  189  185	</Q>
  160	<Q>  185  189  190  186	</Q>
  161	<Q>  187  191  192  188	</Q>
  162	<Q>  188  192  193  189	</Q>
  163	<Q>  189  193  194  190	</Q>
  164	<Q>  191  195  196  192	</Q>
  165	<Q>  192  196  197  193	</Q>
  166	<Q>  193  197  198  194	</Q>
  167	<Q>  194  198  202  190	</Q>
  168	<Q>  195  199  200  196	</Q>
  169	<Q>  196  200  201  197	</Q>
  170	<Q>  197  201  202  198	</Q>
  171	<Q>  199  203  204  200	</Q>
  172	<Q>  200  204  205  201	</Q>
  173	<Q>  201  205  206  202	</Q>
  174	<Q>  203  207  208  204	</Q>
  175	<Q>  204  208  209  205	</Q>
  176	<Q>  205  209  210  206	</Q>
  177	<Q>  206  210  214  202	</Q>
  178	<Q>  207  211  212  208	</Q>
  179	<Q>  208  212  213  209	</Q>
  180	<Q>  209  213  214  210	</Q>
  181	<Q>  202  214  215  216	</Q>
  182	<Q>  190  202  216  217	</Q>
  183	<Q>  178  190  217  218	</Q>
  184	<Q>  166  178  218  219	</Q>
  185	<Q>  154  166  219  220	</Q>
  186	<Q>  134  154  220  221	</Q>
  187	<Q>   22  134  221  222	</Q>
  188	<Q>   23   22  222  223	</Q>
  189	<Q>   24   23  223  224	</Q>
  190	<Q>   25   24  224  225	</Q>
  191	<Q>   26   25  225  226	</Q>
  192	<Q>  228   26  226  227	</Q>
  193	<Q>  229   27   26  228	</Q>
  194	<Q>  230   28   27  229	</Q>
  195	<Q>  231   29   28  230	</Q>
  196	<Q>  503  500  249  504	</Q>
  197	<Q>  516  513  250  517	</Q>
  198	<Q>  524  523  251  252	</Q>
  199	<Q>  525  524  252  253	</Q>
  200	<Q>  526  525  253  254	</Q>
  201	<Q>  527  526  254  255	</Q>
  202	<Q>  528  527  255  529	</Q>
  203	<Q>    9    8  256  257	</Q>
  204	<Q>   10    9  257  258	</Q>
  205	<Q>   11   10  258  259	</Q>
  206	<Q>   12   11  259  260	</Q>
  207	<Q>   13   12  260  261	</Q>
  208	<Q>   14   13  261  262	</Q>
  209	<Q>   15   14  262  263	</Q>
  210	<Q>   16   15  263  264	</Q>
  211	<Q>  232   17   16  264	</Q>
  212	<Q>  512  451   32  265	</Q>
  213	<Q>  511  512  265  266	</Q>
  214	<Q>  510  511  266  267	</Q>
  215	<Q>  509  510  267  268	</Q>
  216	<Q>  508  509  268  269	</Q>
  217	<Q>  502  247  508  507	</Q>
  218	<Q>  505  501  248  506	</Q>
  219	<Q>  286  280  281  287	</Q>
  220	<Q>  287  281  282  285	</Q>
  221	<Q>  285  284  286  287	</Q>
  222	<Q>  273  272  288  289	</Q>
  223	<Q>  289  288  286  284	</Q>
  224	<Q>  284  274  273  289	</Q>
  225	<Q>  288  272  271  279	</Q>
  226	<Q>  279  280  286  288	</Q>
  227	<Q>  283  276  277  290	</Q>
  228	<Q>  290  277  278  285	</Q>
  229	<Q>  285  282  283  290	</Q>
  230	<Q>  291  285  278  238	</Q>
  231	<Q>  238  237  292  291	</Q>
  232	<Q>  292  237  274  284	</Q>
  233	<Q>  284  285  291  292	</Q>
  234	<Q>  259  258  281  280	</Q>
  235	<Q>  280  279  260  259	</Q>
  236	<Q>  279  271  261  260	</Q>
  237	<Q>  282  281  258  257	</Q>
  238	<Q>  283  282  257  256	</Q>
  239	<Q>  275  276  283  256	</Q>
  240	<Q>  256  529  530  275	</Q>
  241	<Q>  298  297  304  305	</Q>
  242	<Q>  305  304  301  300	</Q>
  243	<Q>  300  299  298  305	</Q>
  244	<Q>  304  297  296  303	</Q>
  245	<Q>  303  302  301  304	</Q>
  246	<Q>  300  277  276  299	</Q>
  247	<Q>  303  296  295  306	</Q>
  248	<Q>  306  295  293  294	</Q>
  249	<Q>  294  302  303  306	</Q>
  250	<Q>  307  302  294  239	</Q>
  251	<Q>  239  238  308  307	</Q>
  252	<Q>  308  238  300  301	</Q>
  253	<Q>  301  302  307  308	</Q>
  254	<Q>  238  278  277  300	</Q>
  255	<Q>  309  299  276  275	</Q>
  256	<Q>  275  530  531  309	</Q>
  257	<Q>  310  298  299  309	</Q>
  258	<Q>  309  531  532  310	</Q>
  259	<Q>  311  297  298  310	</Q>
  260	<Q>  310  532  533  311	</Q>
  261	<Q>  270  515  522  521	</Q>
  262	<Q>  519  518  514  270	</Q>
  263	<Q>  270  521  520  519	</Q>
  264	<Q>  269  268  293  295	</Q>
  265	<Q>  266  265  316  314	</Q>
  266	<Q>  314  315  267  266	</Q>
  267	<Q>  316  265   32   31	</Q>
  268	<Q>   31   30  314  316	</Q>
  269	<Q>  314  312  313  315	</Q>
  270	<Q>  315  313  294  293	</Q>
  271	<Q>  293  268  267  315	</Q>
  272	<Q>  314   30   29  242	</Q>
  273	<Q>  242  241  312  314	</Q>
  274	<Q>  317  312  241  240	</Q>
  275	<Q>  240  239  318  317	</Q>
  276	<Q>  318  239  294  313	</Q>
  277	<Q>  313  312  317  318	</Q>
  278	<Q>  320  319  322  323	</Q>
  279	<Q>  321  320  323  324	</Q>
  280	<Q>  324  234  233  321	</Q>
  281	<Q>  319  271  272  322	</Q>
  282	<Q>  323  322  327  328	</Q>
  283	<Q>  328  327  325  326	</Q>
  284	<Q>  326  324  323  328	</Q>
  285	<Q>  326  235  234  324	</Q>
  286	<Q>  327  322  272  273	</Q>
  287	<Q>  273  274  325  327	</Q>
  288	<Q>  329  325  274  237	</Q>
  289	<Q>  237  236  330  329	</Q>
  290	<Q>  330  236  235  326	</Q>
  291	<Q>  326  325  329  330	</Q>
  292	<Q>  320  321  264  263	</Q>
  293	<Q>  263  262  319  320	</Q>
  294	<Q>  321  233  232  264	</Q>
  295	<Q>  262  261  271  319	</Q>
  296	<Q>  232  335  127   17	</Q>
  297	<Q>  233  334  335  232	</Q>
  298	<Q>  234  333  334  233	</Q>
  299	<Q>  235  332  333  234	</Q>
  300	<Q>  236  331  332  235	</Q>
  301	<Q>  335  340  133  127	</Q>
  302	<Q>  334  339  340  335	</Q>
  303	<Q>  333  338  339  334	</Q>
  304	<Q>  332  337  338  333	</Q>
  305	<Q>  331  336  337  332	</Q>
  306	<Q>  236  341  336  331	</Q>
  307	<Q>  340  345  139  133	</Q>
  308	<Q>  339  344  345  340	</Q>
  309	<Q>  338  343  344  339	</Q>
  310	<Q>  337  342  343  338	</Q>
  311	<Q>  336  341  342  337	</Q>
  312	<Q>  345  346  140  139	</Q>
  313	<Q>  346  347  141  140	</Q>
  314	<Q>  347  348  142  141	</Q>
  315	<Q>  344  349  346  345	</Q>
  316	<Q>  349  350  347  346	</Q>
  317	<Q>  353  354  348  347	</Q>
  318	<Q>  343  351  349  344	</Q>
  319	<Q>  351  352  350  349	</Q>
  320	<Q>  352  353  347  350	</Q>
  321	<Q>  342  352  351  343	</Q>
  322	<Q>  355  356  353  352	</Q>
  323	<Q>  356  357  354  353	</Q>
  324	<Q>  341  355  352  342	</Q>
  325	<Q>  357  356  355  341	</Q>
  326	<Q>  348  358  155  142	</Q>
  327	<Q>  354  359  358  348	</Q>
  328	<Q>  357  360  359  354	</Q>
  329	<Q>  358  361  159  155	</Q>
  330	<Q>  359  362  361  358	</Q>
  331	<Q>  360  363  362  359	</Q>
  332	<Q>  357  366  363  360	</Q>
  333	<Q>  361  364  163  159	</Q>
  334	<Q>  362  365  364  361	</Q>
  335	<Q>  363  366  365  362	</Q>
  336	<Q>  364  367  167  163	</Q>
  337	<Q>  365  368  367  364	</Q>
  338	<Q>  366  369  368  365	</Q>
  339	<Q>  367  370  171  167	</Q>
  340	<Q>  368  371  370  367	</Q>
  341	<Q>  369  372  371  368	</Q>
  342	<Q>  366  375  372  369	</Q>
  343	<Q>  370  373  175  171	</Q>
  344	<Q>  371  374  373  370	</Q>
  345	<Q>  372  375  374  371	</Q>
  346	<Q>  373  376  179  175	</Q>
  347	<Q>  374  377  376  373	</Q>
  348	<Q>  375  378  377  374	</Q>
  349	<Q>  376  379  183  179	</Q>
  350	<Q>  377  380  379  376	</Q>
  351	<Q>  378  381  380  377	</Q>
  352	<Q>  375  384  381  378	</Q>
  353	<Q>  379  382  187  183	</Q>
  354	<Q>  380  383  382  379	</Q>
  355	<Q>  381  384  383  380	</Q>
  356	<Q>  382  385  191  187	</Q>
  357	<Q>  383  386  385  382	</Q>
  358	<Q>  384  387  386  383	</Q>
  359	<Q>  385  388  195  191	</Q>
  360	<Q>  386  389  388  385	</Q>
  361	<Q>  387  390  389  386	</Q>
  362	<Q>  384  393  390  387	</Q>
  363	<Q>  388  391  199  195	</Q>
  364	<Q>  389  392  391  388	</Q>
  365	<Q>  390  393  392  389	</Q>
  366	<Q>  391  394  203  199	</Q>
  367	<Q>  392  395  394  391	</Q>
  368	<Q>  393  396  395  392	</Q>
  369	<Q>  394  397  207  203	</Q>
  370	<Q>  395  398  397  394	</Q>
  371	<Q>  396  399  398  395	</Q>
  372	<Q>  393  402  399  396	</Q>
  373	<Q>  397  400  211  207	</Q>
  374	<Q>  398  401  400  397	</Q>
  375	<Q>  399  402  401  398	</Q>
  376	<Q>  404  403  402  393	</Q>
  377	<Q>  405  404  393  384	</Q>
  378	<Q>  406  405  384  375	</Q>
  379	<Q>  407  406  375  366	</Q>
  380	<Q>  408  407  366  357	</Q>
  381	<Q>  409  408  357  341	</Q>
  382	<Q>  410  409  341  236	</Q>
  383	<Q>  411  410  236  237	</Q>
  384	<Q>  412  411  237  238	</Q>
  385	<Q>  413  412  238  239	</Q>
  386	<Q>  414  413  239  240	</Q>
  387	<Q>  415  414  240  416	</Q>
  388	<Q>  416  240  241  417	</Q>
  389	<Q>  417  241  242  418	</Q>
  390	<Q>  418  242   29  231	</Q>
  391	<Q>  420  454  457  436	</Q>
  392	<Q>  421  455  458  437	</Q>
  393	<Q>  422  456  459  438	</Q>
  394	<Q>  423  422  438  439	</Q>
  395	<Q>  424  423  439  440	</Q>
  396	<Q>  425  424  440  441	</Q>
  397	<Q>  426  425  441  442	</Q>
  398	<Q>  427  426  442  443	</Q>
  399	<Q>  428  427  443  444	</Q>
  400	<Q>  429  428  444  445	</Q>
  401	<Q>  430  429  445  446	</Q>
  402	<Q>  431  430  446  447	</Q>
  403	<Q>  432  431  447  448	</Q>
  404	<Q>  496  432  448  499	</Q>
  405	<Q>  495  433  449  498	</Q>
  406	<Q>  494  434  450  497	</Q>
  407	<Q>  436  457  460   40	</Q>
  408	<Q>  437  458  461   39	</Q>
  409	<Q>  438  459  462   38	</Q>
  410	<Q>  439  438   38   37	</Q>
  411	<Q>  440  439   37   36	</Q>
  412	<Q>  441  440   36   35	</Q>
  413	<Q>  442  441   35   34	</Q>
  414	<Q>  443  442   34   33	</Q>
  415	<Q>  444  443   33  243	</Q>
  416	<Q>  445  444  243  244	</Q>
  417	<Q>  446  445  244  245	</Q>
  418	<Q>  447  446  245  246	</Q>
  419	<Q>  448  447  246  247	</Q>
  420	<Q>  499  448  247  502	</Q>
  421	<Q>  498  449  248  501	</Q>
  422	<Q>  497  450  249  500	</Q>
  423	<Q>  454  419  435  457	</Q>
  424	<Q>  455  420  436  458	</Q>
  425	<Q>  456  421  437  459	</Q>
  426	<Q>  494  497  435  419	</Q>
  427	<Q>  495  498  450  434	</Q>
  428	<Q>  496  499  449  433	</Q>
  429	<Q>  435    1  460  457	</Q>
  430	<Q>  436   40  461  458	</Q>
  431	<Q>  459  437   39  462	</Q>
  432	<Q>  497  500    1  435	</Q>
  433	<Q>  498  501  249  450	</Q>
  434	<Q>  499  502  248  449	</Q>
  435	<Q>    1  452  463  460	</Q>
  436	<Q>  452    2  473  463	</Q>
  437	<Q>  463  473   41  464	</Q>
  438	<Q>   40  464  465  461	</Q>
  439	<Q>  464   41  474  465	</Q>
  440	<Q>  465  474   61  466	</Q>
  441	<Q>   39  466  467  462	</Q>
  442	<Q>  466   61  475  467	</Q>
  443	<Q>  468  467  475   60	</Q>
  444	<Q>  500  503  452    1	</Q>
  445	<Q>  503  513    2  452	</Q>
  446	<Q>  504  250  513  503	</Q>
  447	<Q>  501  505  504  249	</Q>
  448	<Q>  505  514  250  504	</Q>
  449	<Q>  506  270  514  505	</Q>
  450	<Q>  502  507  506  248	</Q>
  451	<Q>  507  515  270  506	</Q>
  452	<Q>  508  269  515  507	</Q>
  453	<Q>  451   33   34  472	</Q>
  454	<Q>  472   34   35  471	</Q>
  455	<Q>  471   35   36  470	</Q>
  456	<Q>   36   37  469  470	</Q>
  457	<Q>   37   38  468  469	</Q>
  458	<Q>  512  243   33  451	</Q>
  459	<Q>  511  244  243  512	</Q>
  460	<Q>  511  510  245  244	</Q>
  461	<Q>  510  509  246  245	</Q>
  462	<Q>  509  508  247  246	</Q>
  463	<Q>    2  453  476  473	</Q>
  464	<Q>  453    3  483  476	</Q>
  465	<Q>  476  483   42  477	</Q>
  466	<Q>   41  477  478  474	</Q>
  467	<Q>  477   42  493  478	</Q>
  468	<Q>  478  493  102  479	</Q>
  469	<Q>  479  102   88  480	</Q>
  470	<Q>  481  480   88   87	</Q>
  471	<Q>  482  481   87   86	</Q>
  472	<Q>   60  475  482   86	</Q>
  473	<Q>  513  516  453    2	</Q>
  474	<Q>  516  523    3  453	</Q>
  475	<Q>  517  251  523  516	</Q>
  476	<Q>  514  518  517  250	</Q>
  477	<Q>  518  533  251  517	</Q>
  478	<Q>  519  311  533  518	</Q>
  479	<Q>  520  297  311  519	</Q>
  480	<Q>  296  297  520  521	</Q>
  481	<Q>  295  296  521  522	</Q>
  482	<Q>  295  522  515  269	</Q>
  483	<Q>    3    4  484  483	</Q>
  484	<Q>    4    5  485  484	</Q>
  485	<Q>    5    6  486  485	</Q>
  486	<Q>    6    7  487  486	</Q>
  487	<Q>    7    8  488  487	</Q>
  488	<Q>  488    8   47  489	</Q>
  489	<Q>   45   46  489  490	</Q>
  490	<Q>   44   45  490  491	</Q>
  491	<Q>   43   44  491  492	</Q>
  492	<Q>   42   43  492  493	</Q>
  493	<Q>  523  524    4    3	</Q>
  494	<Q>  524  525    5    4	</Q>
  495	<Q>  525  526    6    5	</Q>
  496	<Q>  526  527    7    6	</Q>
  497	<Q>  527  528    8    7	</Q>
  498	<Q>  529  256    8  528	</Q>
  499	<Q>  530  529  255  254	</Q>
  500	<Q>  531  530  254  253	</Q>
  501	<Q>  532  531  253  252	</Q>
  502	<Q>  533  532  252  251	</Q>
</ELEMENTS>

<SURFACES NUMBER=62>
	1	391	1	<B>	w	</B>
	2	392	1	<B>	w	</B>
	3	393	1	<B>	w	</B>
	4	394	1	<B>	w	</B>
	5	395	1	<B>	w	</B>
	6	396	1	<B>	w	</B>
	7	397	1	<B>	w	</B>
	8	398	1	<B>	w	</B>
	9	399	1	<B>	w	</B>
	10	400	1	<B>	w	</B>
	11	401	1	<B>	w	</B>
	12	402	1	<B>	w	</B>
	13	403	1	<B>	w	</B>
	14	404	1	<B>	w	</B>
	15	405	1	<B>	w	</B>
	16	406	1	<B>	w	</B>
	17	181	3	<B>	v	</B>
	18	182	3	<B>	v	</B>
	19	183	3	<B>	v	</B>
	20	184	3	<B>	v	</B>
	21	185	3	<B>	v	</B>
	22	186	3	<B>	v	</B>
	23	187	3	<B>	v	</B>
	24	188	3	<B>	v	</B>
	25	189	3	<B>	v	</B>
	26	190	3	<B>	v	</B>
	27	191	3	<B>	v	</B>
	28	192	3	<B>	v	</B>
	29	192	4	<B>	v	</B>
	30	193	4	<B>	v	</B>
	31	194	4	<B>	v	</B>
	32	195	4	<B>	v	</B>
	33	390	4	<B>	v	</B>
	34	389	4	<B>	v	</B>
	35	388	4	<B>	v	</B>
	36	387	4	<B>	v	</B>
	37	387	1	<B>	v	</B>
	38	386	1	<B>	v	</B>
	39	385	1	<B>	v	</B>
	40	384	1	<B>	v	</B>
	41	383	1	<B>	v	</B>
	42	382	1	<B>	v	</B>
	43	381	1	<B>	v	</B>
	44	380	1	<B>	v	</B>
	45	379	1	<B>	v	</B>
	46	378	1	<B>	v	</B>
	47	377	1	<B>	v	</B>
	48	376	1	<B>	v	</B>
	49	376	2	<B>	o	</B>
	50	375	2	<B>	o	</B>
	51	374	2	<B>	o	</B>
	52	373	2	<B>	o	</B>
	53	178	2	<B>	o	</B>
	54	179	2	<B>	o	</B>
	55	180	2	<B>	o	</B>
	56	181	2	<B>	o	</B>
        57	423	1	<B>	w	</B>
	58	424	1	<B>	w	</B>
	59	425	1	<B>	w	</B>
	60	426	4	<B>	w	</B>
	61	427	4	<B>	w	</B>
	62	428	4	<B>	w	</B>
</SURFACES>

<CURVES NUMBER=66>
	1	391	1	<ARC>	-0.5	</ARC>
	2	392	1	<ARC>	-0.5	</ARC>
	3	393	1	<ARC>	-0.5	</ARC>
	4	394	1	<ARC>	-0.5	</ARC>
	5	395	1	<ARC>	-0.5	</ARC>
	6	396	1	<ARC>	-0.5	</ARC>
	7	397	1	<ARC>	-0.5	</ARC>
	8	398	1	<ARC>	-0.5	</ARC>
	9	399	1	<ARC>	-0.5	</ARC>
	10	400	1	<ARC>	-0.5	</ARC>
	11	401	1	<ARC>	-0.5	</ARC>
	12	402	1	<ARC>	-0.5	</ARC>
	13	403	1	<ARC>	-0.5	</ARC>
	14	404	1	<ARC>	-0.5	</ARC>
	15	405	1	<ARC>	-0.5	</ARC>
	16	406	1	<ARC>	-0.5	</ARC>
	17	391	3	<ARC>	+0.6	</ARC>
	18	392	3	<ARC>	+0.6	</ARC>
	19	393	3	<ARC>	+0.6	</ARC>
	20 	394	3	<ARC>	+0.6	</ARC>
	21	395	3	<ARC>	+0.6	</ARC>
	22	396	3	<ARC>	+0.6	</ARC>
	23	397	3	<ARC>	+0.6	</ARC>
	24	398	3	<ARC>	+0.6	</ARC>
	25	399	3	<ARC>	+0.6	</ARC>
	26	400	3	<ARC>	+0.6	</ARC>
	27	401	3	<ARC>	+0.6	</ARC>
	28	402	3	<ARC>	+0.6	</ARC>
	29	403	3	<ARC>	+0.6	</ARC>
	30	404	3	<ARC>	+0.6	</ARC>
	31	405	3	<ARC>	+0.6	</ARC>
	32	406	3	<ARC>	+0.6	</ARC>
	33	407	1	<ARC>	-0.6	</ARC>
	34	408	1	<ARC>	-0.6	</ARC>
	35	409	1	<ARC>	-0.6	</ARC>
	36	410	1	<ARC>	-0.6	</ARC>
	37	411	1	<ARC>	-0.6	</ARC>
	38	412	1	<ARC>	-0.6	</ARC>
	39	413	1	<ARC>	-0.6	</ARC>
	40	414	1	<ARC>	-0.6	</ARC>
	41	415	1	<ARC>	-0.6	</ARC>
	42	416	1	<ARC>	-0.6	</ARC>
	43	417	1	<ARC>	-0.6	</ARC>
	44	418	1	<ARC>	-0.6	</ARC>
	45	419	1	<ARC>	-0.6	</ARC>
	46	420	1	<ARC>	-0.6	</ARC>
	47	421	1	<ARC>	-0.6	</ARC>
	48	422	1	<ARC>	-0.6	</ARC>
	49	423	1	<ARC>	-0.5	</ARC>
	50	424	1	<ARC>	-0.5	</ARC>
	51	425	1	<ARC>	-0.5	</ARC>
	52	426	4	<ARC>	-0.5	</ARC>
	53	427	4	<ARC>	-0.5	</ARC>
	54	428	4	<ARC>	-0.5	</ARC>
	55	423	3	<ARC>	+0.6	</ARC>	
	56	424	3	<ARC>	+0.6	</ARC>
	57	425	3	<ARC>	+0.6	</ARC>
	58	426	2	<ARC>	+0.6	</ARC>
	59	427	2	<ARC>	+0.6	</ARC>
	60	428	2	<ARC>	+0.6	</ARC>
	61	429	4	<ARC>	-0.6	</ARC>
	62	430	4	<ARC>	-0.6	</ARC>
	63	431	1	<ARC>	-0.6	</ARC>
	64	432	4	<ARC>	-0.6	</ARC>
	65	433	4	<ARC>	-0.6	</ARC>
	66	434	4	<ARC>	-0.6	</ARC>
</CURVES>
