# Circular cylinder, 86 elements.

<TOKENS>
	N_TIME	= 2
	N_P	= 9
	N_STEP	= 50000
	IO_FLD	= 500
	D_T	= 0.01
	Re	= 250.0
	KINVIS	= 1.0/Re
</TOKENS>

<GROUPS NUMBER=3>
	1	v	velocity
	2	w	wall
	3	o	exit
</GROUPS>

<BCS NUMBER=3>
	1	v	3
			<D>	u = 1.0		</D>
			<D>	v = 0.0		</D>
			<H>	p = 0.0		</H>
	2	w	3
			<D>	u = 0.0		</D>
			<D>	v = 0.0		</D>
			<H>	p = 0.0		</H>
	3	o	3
			<N>	u = 0.0		</N>
			<N>	v = 0.0		</N>
			<D>	p = 0.0		</D>
</BCS>


<NODES NUMBER=102>
	1	0.5 		0		0
	2	0.447214	0.223607	0
	3	0.320092	0.384111	0
	4	0		0.5		0
	5	-0.353553	0.353553	0
	6	-0.5		0		0
	7	-0.353553	-0.353553	0
	8	0		-0.5		0
	9	0.320092	-0.384111	0
	10	0.447214	-0.223607	0
	11	0.6		0		0
	12	0.536656	0.268328	0
	13	0.384111	0.460933	0
	14	0		0.6		0
	15	-0.424264	0.424264	0
	16	-0.6		0		0
	17	-0.424264	-0.424264	0
	18	0		-0.6		0
	19	0.384111	-0.460933	0
	20	0.536656	-0.268328	0
	21	1.0		0.0		0
	22	0.894427	0.447214	0
	23	0.640184	0.768221	0
	24	0		1.0		0
	25	-0.707107	0.707107	0
	26	-1.0		0		0
	27	-0.707107	-0.707107	0
	28	0		-1.0		0
	29	0.640184	-0.768221	0
	30	0.894427	-0.447214	0
	31	2.0		0.0		0
	32	1.78885		0.894427	0
	33	1.28037		1.53644		0
	34	0		2.0		0
	35	-1.41421	1.41421		0
	36	-2.0		0		0
	37	-1.41421	-1.41421	0
	38	0		-2.0		0
	39	1.28037		-1.53644	0
	40	1.78885		-0.894427	0
	41	4.0		0		0
	42	3.57771		1.78885		0
	43	2.56074		3.07289		0
	44	0		4.0		0
	45	-2.82843	2.82843		0
	46	-4.0		0		0
	47	-2.82843	-2.82843	0
	48	0		-4.0		0
	49	2.56074		-3.07289	0
	50	3.57771		-1.78885	0
	51	6		0		0
	52	6		3		0
	53	5		6		0
	54	0		6		0
	55	-4.24264	4.24264		0
	56	-6		0		0
	57	-4.24264	-4.24264	0
	58	0		-6		0
	59	5		-6		0
	60	6		-3		0
	61	5		12.5		0
	62	0		12.5		0
	63	-8.83883	8.83883		0
	64	-12.5		0		0
	65	-8.83883	-8.83883	0
	66	0		-12.5		0
	67	5		-12.5		0
	68	8.5		12.5		0
	69	8.5		6		0
	70	8.5		3		0
	71	8.5		0		0
	72	8.5		-3		0
	73	8.5		-6		0
	74	8.5		-12.5		0
	75	12		12.5		0
	76	12		6		0
	77	12		3		0
	78	12		0		0
	79	12		-3		0
	80	12		-6		0
	81	12		-12.5		0
	82	16		12.5		0
	83	16		6		0
	84	16		3		0
	85	16		0		0
	86	16		-3		0
	87	16		-6		0
	88	16		-12.5		0
	89	20		12.5		0
	90	20		6		0
	91	20		3		0
	92	20		0		0
	93	20		-3		0
	94 	20		-6		0
	95	20		-12.5		0
	96	25		12.5		0
	97	25		6		0
	98	25		3		0
	99	25		0		0
	100	25		-3		0
	101	25		-6		0
	102	25		-12.5		0
</NODES>

<ELEMENTS NUMBER=86>
	1	<Q>	  1  11  12   2		</Q>
	2	<Q>	  2  12  13   3		</Q>
	3	<Q>	  3  13  14   4		</Q>
	4	<Q>	  4  14  15   5		</Q>
	5	<Q>	  5  15  16   6		</Q>
	6	<Q>	  6  16  17   7		</Q>
	7	<Q>	  7  17  18   8		</Q>
	8	<Q>	  8  18  19   9		</Q>
	9	<Q>	  9  19  20  10		</Q>
	10	<Q>	 10  20  11   1		</Q>

	11	<Q>	 11  21  22  12		</Q>
	12	<Q>	 12  22  23  13		</Q>
	13	<Q>	 13  23  24  14		</Q>
	14	<Q>	 14  24  25  15		</Q>
	15	<Q>	 15  25  26  16		</Q>
	16	<Q>	 16  26  27  17		</Q>
	17	<Q>	 17  27  28  18		</Q>
	18	<Q>	 18  28  29  19		</Q>
	19	<Q>	 19  29  30  20		</Q>
	20	<Q>	 20  30  21  11		</Q>

	21	<Q>	 21  31  32  22		</Q>
	22	<Q>	 22  32  33  23		</Q>
	23	<Q>	 23  33  34  24		</Q>
	24	<Q>	 24  34  35  25		</Q>
	25 	<Q>	 25  35  36  26		</Q>
	26	<Q>	 26  36  37  27		</Q>
	27	<Q>	 27  37  38  28		</Q>
	28	<Q>	 28  38  39  29		</Q>
	29 	<Q>	 29  39  40  30		</Q>
	30	<Q>	 30  40  31  21		</Q>

	31	<Q>	 31  41  42  32		</Q>
	32	<Q>	 32  42  43  33		</Q>
	33	<Q>	 33  43  44  34		</Q>
	34	<Q>	 34  44  45  35		</Q>
	35	<Q>	 35  45  46  36		</Q>
	36	<Q>	 36  46  47  37		</Q>
	37	<Q>	 37  47  48  38		</Q>
	38	<Q>	 38  48  49  39 	</Q>
	39	<Q>	 39  49  50  40		</Q>
	40	<Q>	 40  50  41  31		</Q>

	41	<Q>	 41  51  52  42		</Q>
	42	<Q>	 42  52  53  43		</Q>
	43	<Q>	 43  53  54  44		</Q>
	44	<Q>	 44  54  55  45		</Q>
	45	<Q>	 45  55  56  46		</Q>
	46	<Q>	 46  56  57  47		</Q>
	47	<Q>	 47  57  58  48		</Q>
	48	<Q>	 48  58  59  49 	</Q>
	49	<Q>	 49  59  60  50		</Q>
	50	<Q>	 50  60  51  41		</Q>

	51	<Q>	 54  53  61  62		</Q>
	52	<Q>	 55  54  62  63		</Q>
	53	<Q>	 56  55  63  64		</Q>
	54	<Q>	 57  56  64  65		</Q>
	55	<Q>	 58  57  65  66		</Q>
	56	<Q>	 59  58  66  67		</Q>

	57	<Q>	 51  71  70  52		</Q>
	58	<Q>	 60  72  71  51		</Q>
	59	<Q>	 59  73  72  60		</Q>
	60	<Q>	 52  70  69  53		</Q>
	61	<Q>	 53  69  68  61		</Q>
	62	<Q>	 67  74  73  59		</Q>

	63	<Q>	 74  81  80  73		</Q>
	64	<Q>	 69  76  75  68		</Q>
	65	<Q>	 70  77  76  69		</Q>
	66	<Q>	 73  80  79  72		</Q>
	67	<Q>	 72  79  78  71		</Q>
	68	<Q>	 71  78  77  70		</Q>

	69	<Q>	 78  85  84  77		</Q>
	70	<Q>	 79  86  85  78		</Q>
	71	<Q>	 80  87  86  79		</Q>
	72	<Q>	 77  84  83  76		</Q>
	73	<Q>	 76  83  82  75		</Q>
	74	<Q>	 81  88  87  80		</Q>

	75	<Q>	 88  95  94  87		</Q>
	76	<Q>	 83  90  89  82		</Q>
	77	<Q>	 84  91  90  83		</Q>
	78	<Q>	 87  94  93  86		</Q>
	79	<Q>	 86  93  92  85		</Q>
	80	<Q>	 85  92  91  84		</Q>
	
	81	<Q>	 92  99  98  91		</Q>
	82	<Q>	 93 100  99  92		</Q>
	83	<Q>	 94 101 100  93		</Q>
	84	<Q>	 91  98  97  90		</Q>
	85	<Q>	 90  97  96  89		</Q>
	86	<Q>	 95 102 101  94		</Q>
</ELEMENTS>

<SURFACES NUMBER=32>
	1	1	4	<B>	w	</B>
	2	2	4	<B>	w	</B>
	3	3	4	<B>	w	</B>
	4	4	4	<B>	w	</B>
	5 	5	4	<B>	w	</B>
	6	6	4	<B>	w	</B>
	7	7	4	<B>	w	</B>
	8	8	4	<B>	w	</B>
	9	9	4	<B>	w	</B>
	10	10	4	<B>	w	</B>
	11	85	3	<B>	v	</B>
	12	76	3	<B>	v	</B>
	13	73	3	<B>	v	</B>
	14	64	3	<B>	v	</B>
	15	61	3	<B>	v	</B>
	16	51	3	<B>	v	</B>
	17	52	3	<B>	v	</B>
	18	53	3	<B>	v	</B>
	19	54	3	<B>	v	</B>
	20	55	3	<B>	v	</B>
	21	56	3	<B>	v	</B>
	22	62	1	<B>	v	</B>
	23	63	1	<B>	v	</B>
	24	74	1	<B>	v	</B>
	25	75	1	<B>	v	</B>
	26	86	1	<B>	v	</B>
	27	86	2	<B>	o	</B>
	28	83	2	<B>	o	</B>
	29	82	2	<B>	o	</B>
	30	81	2	<B>	o	</B>
	31	84	2	<B>	o	</B>
	32	85	2	<B>	o	</B>
</SURFACES>

<CURVES NUMBER=102>
	1	1	4	<ARC>	-0.5	</ARC>
	2	2	4	<ARC>	-0.5	</ARC>
	3	3	4	<ARC>	-0.5	</ARC>
	4	4	4	<ARC>	-0.5	</ARC>
	5	5	4	<ARC>	-0.5	</ARC>
	6	6	4	<ARC>	-0.5	</ARC>
	7	7	4	<ARC>	-0.5	</ARC>
	8	8	4	<ARC>	-0.5	</ARC>
	9	9	4	<ARC>	-0.5	</ARC>
	10	10	4	<ARC>	-0.5	</ARC>

	11	1	2	<ARC>	+0.6	</ARC>
	12	2	2	<ARC>	+0.6	</ARC>
	13	3	2	<ARC>	+0.6	</ARC>
	14	4	2	<ARC>	+0.6	</ARC>
	15	5	2	<ARC>	+0.6	</ARC>
	16	6	2	<ARC>	+0.6	</ARC>
	17	7	2	<ARC>	+0.6	</ARC>
	18	8	2  	<ARC>	+0.6	</ARC>
	19	9	2	<ARC>	+0.6	</ARC>
	20	10	2	<ARC>	+0.6	</ARC>

	21	11	4	<ARC>	-0.6	</ARC>
	22	12	4	<ARC>	-0.6	</ARC>
	23	13	4	<ARC>	-0.6	</ARC>
	24	14	4	<ARC>	-0.6	</ARC>
	25	15	4	<ARC>	-0.6	</ARC>
	26	16	4	<ARC>	-0.6	</ARC>
	27	17	4	<ARC>	-0.6	</ARC>
	28	18	4	<ARC>	-0.6	</ARC>
	29	19	4	<ARC>	-0.6	</ARC>
	30	20	4	<ARC>	-0.6	</ARC>

	31	11	2	<ARC>	+1.0	</ARC>
	32	12	2	<ARC>	+1.0	</ARC>
	33	13	2	<ARC>	+1.0	</ARC>
	34	14	2	<ARC>	+1.0	</ARC>
	35	15	2	<ARC>	+1.0	</ARC>
	36	16	2	<ARC>	+1.0	</ARC>
	37	17	2	<ARC>	+1.0	</ARC>
	38	18	2	<ARC>	+1.0	</ARC>
	39	19	2	<ARC>	+1.0	</ARC>
	40	20	2	<ARC>	+1.0	</ARC>

	41	21	4	<ARC>	-1.0	</ARC>
	42	22	4	<ARC>	-1.0	</ARC>
	43	23	4	<ARC>	-1.0	</ARC>
	44 	24	4	<ARC>	-1.0	</ARC>
	43	25	4	<ARC>	-1.0	</ARC>
	46	26	4	<ARC>	-1.0	</ARC>
	47	27	4	<ARC>	-1.0	</ARC>
	48	28	4	<ARC>	-1.0	</ARC>
	49	29	4	<ARC>	-1.0	</ARC>
	50	30	4	<ARC>	-1.0	</ARC>

	51	21	2	<ARC>	+2.0	</ARC>
	52	22	2	<ARC>	+2.0	</ARC>
	53	23 	2	<ARC>	+2.0	</ARC>
	54	24	2	<ARC>	+2.0	</ARC>
	55 	25	2	<ARC>	+2.0	</ARC>
	56	26 	2	<ARC>	+2.0	</ARC>
	57	27	2	<ARC>	+2.0	</ARC>
	58 	28	2	<ARC>	+2.0	</ARC>
	59	29	2	<ARC>	+2.0	</ARC>
	60	30	2	<ARC>	+2.0	</ARC>

	61	31	4	<ARC>	-2.0	</ARC>
	62	32	4	<ARC>	-2.0	</ARC>
	63	33	4	<ARC>	-2.0	</ARC>
	64 	34	4	<ARC>	-2.0	</ARC>
	65	35	4	<ARC>	-2.0	</ARC>
	66	36	4	<ARC>	-2.0	</ARC>
	67	37	4	<ARC>	-2.0	</ARC>
	68	38	4	<ARC>	-2.0	</ARC>
	69	39	4	<ARC>	-2.0	</ARC>
	70	40	4	<ARC>	-2.0	</ARC>

	71	31	2	<ARC>	+4.0	</ARC>
	72	32	2	<ARC>	+4.0	</ARC>
	73	33	2	<ARC>	+4.0	</ARC>
	74	34	2	<ARC>	+4.0	</ARC>
	75 	35	2	<ARC>	+4.0	</ARC>
	76	36	2	<ARC>	+4.0	</ARC>
	77	37	2	<ARC>	+4.0	</ARC>
	78 	38	2	<ARC>	+4.0	</ARC>
	79	39	2	<ARC>	+4.0	</ARC>
	80	40	2	<ARC>	+4.0	</ARC>

	81	41	4	<ARC>	-4.0	</ARC>
	82	42	4	<ARC>	-4.0	</ARC>
	83	43	4	<ARC>	-4.0	</ARC>
	84 	44	4	<ARC>	-4.0	</ARC>
	85	45	4	<ARC>	-4.0	</ARC>
	86	46	4	<ARC>	-4.0	</ARC>
	87	47	4	<ARC>	-4.0	</ARC>
	88	48	4	<ARC>	-4.0	</ARC>
	89	49	4	<ARC>	-4.0	</ARC>
	90	50	4	<ARC>	-4.0	</ARC>

	91	44	2	<ARC>	+6.0	</ARC>
	92	45	2	<ARC>	+6.0	</ARC>
	93	46	2	<ARC>	+6.0	</ARC>
	94	47	2	<ARC>	+6.0	</ARC>

	95	52	1	<ARC>	-6.0	</ARC>
	96	53	1	<ARC>	-6.0	</ARC>
	97	54	1	<ARC>	-6.0	</ARC>
	98	55	1	<ARC>	-6.0	</ARC>

	99	52	3	<ARC>	+12.5	</ARC>
	100	53	3	<ARC>	+12.5	</ARC>
	101	54	3	<ARC>	+12.5	</ARC>
	102	55	3	<ARC>	+12.5	</ARC>

</CURVES>
