# Circular cylinder, 536 elements.

<FIELDS>
        u v w p
</FIELDS>

<TOKENS>
        N_TIME    = 2
        N_P    = 8
	N_Z       = 32
	BETA      = TWOPI/1.6
        N_STEP    = 40000
        IO_FLD    = 1000
        IO_CFL    = 10
        IO_HIS    = 20
        D_T       = 0.0005
        Re        = 3900
        KINVIS    = 1.0/Re
        REFVIS    = 20*KINVIS
        C_SMAG    = 0.1
        TOL_REL   = 1.0e-12
        CHKPOINT  = 1
        ITERATIVE = 1
	AVERAGE   = 0
	P_ALPHA   = 0.05
        P_STEP    = 1
        U         = 1.0
</TOKENS>

<GROUPS NUMBER=3>
        1       v       velocity
        2       w       wall
        3       o       exit
</GROUPS>

<BCS NUMBER=3>
        1       v       4
                        <D>     u = U           </D>
                        <D>     v = 0.0         </D>
			<D>	w = 0.0		</D>
                        <H>     p               </H>
        2       w       4
                        <D>     u = 0.0         </D>
                        <D>     v = 0.0         </D>
			<D>	w = 0.0		</D>
                        <H>     p               </H>
        3       o       4
                        <N>     u = 0.0         </N>
                        <N>     v = 0.0         </N>
			<N>	w = 0.0		</N>
                        <D>     p = 0.0         </D>
</BCS>

<NODES NUMBER=580>
   1	1.37312	0.27314	   0
   2	1.4	0	   0
   3	1.87712	0	   0
   4	1.83029	0.37709	   0
   5	1.29346	0.53578	   0
   6	1.6898	0.73066	   0
   7	1.16641	0.77777	   0
   8	1.50241	1.03705	   0
   9	0.989945	0.989945	   0
  10	1.26819	1.27274	   0
  11	0.7	1.21247	   0
  12	0.84658	1.43773	   0
  13	0.36232	1.35233	   0
  14	0.7763	1.88552	   0
  15	0	1.4	   0
  16	0	1.88552	   0
  17	-0.432603	1.33148	   0
  18	-0.60564	1.76771	   0
  19	-0.822922	1.1326	   0
  20	-1.07408	1.50843	   0
  21	-1.1326	0.822922	   0
  22	-1.49569	1.08416	   0
  23	-1.33148	0.432603	   0
  24	-1.77674	0.58926	   0
  25	-1.4	0	   0
  26	-1.87047	0	   0
  27	2.36901	0.49497	   0
  28	2.43929	0	   0
  29	2.2519	0.96635	   0
  30	2.04113	1.34344	   0
  31	1.71318	1.72053	   0
  32	3.14195	0	   0
  33	3.09512	0.49	   0
  34	2.95456	0.98	   0
  35	2.81407	1.47	   0
  36	2.67351	2.03	   0
  37	2.65013	2.59	   0
  38	1.71318	2.47478	   0
  39	0.79968	2.47478	   0
  40	0	2.4983	   0
  41	-0.79303	2.3569	   0
  42	-1.47231	2.0034	   0
  43	-2.03441	1.43773	   0
  44	-2.40919	0.80136	   0
  45	-2.50285	0	   0
  46	2.66	3.48824	   0
  47	1.6898	3.43	   0
  48	0.79968	3.41754	   0
  49	-0.084	3.41754	   0
  50	-1.07408	3.27607	   0
  51	-2.03441	2.80469	   0
  52	-2.80735	2.0034	   0
  53	-3.32269	1.06064	   0
  54	-3.48663	0	   0
  55	2.66	4.445	   0
  56	1.71318	4.5017	   0
  57	0.72947	4.52522	   0
  58	-0.23086	4.47811	   0
  59	-1.40203	4.26601	   0
  60	-2.64341	3.62964	   0
  61	-3.62712	2.59259	   0
  62	-4.3064	1.39055	   0
  63	-4.49379	0	   0
  64	2.66	5.6	   0
  65	1.71318	5.6	   0
  66	0.68257	5.6	   0
  67	-0.39487	5.51516	   0
  68	-1.72991	5.25588	   0
  69	-3.22896	4.45452	   0
  70	-4.47034	3.18185	   0
  71	-5.29018	1.72053	   0
  72	-5.57123	0	   0
  73	2.66	7	   0
  74	1.71318	7	   0
  75	0.65919	7	   0
  76	-0.53536	6.9293	   0
  77	-2.17497	6.62291	   0
  78	-4.11901	5.63297	   0
  79	-5.68834	4.10102	   0
  80	-6.64867	2.1448	   0
  81	-7	0	   0
  82	3.787	0.49	   0
  83	3.7975	0	   0
  84	3.7765	0.98	   0
  85	3.7275	1.47	   0
  86	3.675	2.03	   0
  87	3.675	2.59	   0
  88	3.6575	3.5	   0
  89	3.64	4.375	   0
  90	3.64	5.6	   0
  91	3.64	7	   0
  92	4.48	0.49	   0
  93	4.48	0	   0
  94	4.48	0.98	   0
  95	4.48	1.47	   0
  96	4.48	2.03	   0
  97	4.48	2.59	   0
  98	4.48	3.5	   0
  99	4.48	4.375	   0
 100	4.48	5.6	   0
 101	4.48	7	   0
 102	5.18	0.49	   0
 103	5.18	0	   0
 104	5.18	0.98	   0
 105	5.18	1.47	   0
 106	5.18	2.03	   0
 107	5.18	2.59	   0
 108	5.18	3.5	   0
 109	5.18	4.375	   0
 110	5.18	5.6	   0
 111	5.18	7	   0
 112	5.915	0.49	   0
 113	5.915	0	   0
 114	5.915	0.98	   0
 115	5.915	1.47	   0
 116	5.915	2.03	   0
 117	5.915	2.59	   0
 118	5.915	3.5	   0
 119	5.915	4.375	   0
 120	5.915	5.6	   0
 121	5.915	7	   0
 122	6.65	0.49	   0
 123	6.65	0	   0
 124	6.65	0.98	   0
 125	6.65	1.47	   0
 126	6.65	2.03	   0
 127	6.65	2.59	   0
 128	6.65	3.5	   0
 129	6.65	4.375	   0
 130	6.65	5.6	   0
 131	6.65	7	   0
 132	7.35	0.49	   0
 133	7.35	0	   0
 134	7.35	0.98	   0
 135	7.35	1.47	   0
 136	7.35	2.03	   0
 137	7.35	2.59	   0
 138	7.35	3.5	   0
 139	7.35	4.375	   0
 140	7.35	5.6	   0
 141	7.35	7	   0
 142	8.12	0.49	   0
 143	8.12	0	   0
 144	8.12	0.98	   0
 145	8.12	1.47	   0
 146	8.12	2.03	   0
 147	8.12	2.59	   0
 148	8.12	3.5	   0
 149	8.12	4.375	   0
 150	8.12	5.6	   0
 151	8.12	7	   0
 152	8.96	0.49	   0
 153	8.96	0	   0
 154	8.96	0.98	   0
 155	8.96	1.47	   0
 156	8.96	2.03	   0
 157	8.96	2.59	   0
 158	8.96	3.5	   0
 159	8.96	4.375	   0
 160	8.96	5.6	   0
 161	8.96	7	   0
 162	9.87	0.49	   0
 163	9.87	0	   0
 164	9.87	0.98	   0
 165	9.87	1.47	   0
 166	9.87	2.03	   0
 167	9.87	2.59	   0
 168	9.87	3.5	   0
 169	9.87	4.375	   0
 170	9.87	5.6	   0
 171	9.87	7	   0
 172	10.85	0.49	   0
 173	10.85	0	   0
 174	10.85	0.98	   0
 175	10.85	1.47	   0
 176	10.85	2.03	   0
 177	10.85	2.59	   0
 178	10.85	3.5	   0
 179	10.85	4.375	   0
 180	10.85	5.6	   0
 181	10.85	7	   0
 182	11.97	0.49	   0
 183	11.97	0	   0
 184	11.97	0.98	   0
 185	11.97	1.47	   0
 186	11.97	2.03	   0
 187	11.97	2.59	   0
 188	11.97	3.5	   0
 189	11.97	4.375	   0
 190	11.97	5.6	   0
 191	11.97	7	   0
 192	13.16	0.49	   0
 193	13.16	0	   0
 194	13.16	0.98	   0
 195	13.16	1.47	   0
 196	13.16	2.03	   0
 197	13.16	2.59	   0
 198	13.16	3.5	   0
 199	13.16	4.375	   0
 200	13.16	5.6	   0
 201	13.16	7	   0
 202	14.49	0.49	   0
 203	14.49	0	   0
 204	14.49	0.98	   0
 205	14.49	1.47	   0
 206	14.49	2.03	   0
 207	14.49	2.59	   0
 208	14.49	3.5	   0
 209	14.49	4.375	   0
 210	14.49	5.6	   0
 211	14.49	7	   0
 212	15.925	0.49	   0
 213	15.925	0	   0
 214	15.925	0.98	   0
 215	15.925	1.47	   0
 216	15.925	2.03	   0
 217	15.925	2.59	   0
 218	15.925	3.5	   0
 219	15.925	4.375	   0
 220	15.925	5.6	   0
 221	15.925	7	   0
 222	17.5	0.49	   0
 223	17.5	0	   0
 224	17.5	0.98	   0
 225	17.5	1.47	   0
 226	17.5	2.03	   0
 227	17.5	2.59	   0
 228	17.5	3.5	   0
 229	17.5	4.375	   0
 230	17.5	5.6	   0
 231	17.5	7	   0
 232	1.2	0	   0
 233	1.17726	0.234045	   0
 234	1.10865	0.459203	   0
 235	0.997755	0.666716	   0
 236	0.848548	0.848548	   0
 237	0.600005	1.03921	   0
 238	0.31056	1.15912	   0
 239	0	1.2	   0
 240	-0.370799	1.14128	   0
 241	-0.705361	0.970802	   0
 242	-0.970802	0.705361	   0
 243	-1.14128	0.370799	   0
 244	-1.2	0	   0
 245	0.968	0	   0
 246	0.949424	0.188846	   0
 247	0.894334	0.370476	   0
 248	0.804853	0.537772	   0
 249	0.684468	0.684468	   0
 250	0.484003	0.838293	   0
 251	0.250537	0.935004	   0
 252	0	0.968	   0
 253	-0.299116	0.920582	   0
 254	-0.569007	0.783111	   0
 255	-0.783111	0.569007	   0
 256	-0.92065	0.29911	   0
 257	-0.968	0	   0
 258	0.752	0	   0
 259	0.737527	0.146735	   0
 260	0.694757	0.287735	   0
 261	0.625199	0.417833	   0
 262	0.531756	0.531756	   0
 263	0.376001	0.651234	   0
 264	0.194675	0.726342	   0
 265	0	0.752	   0
 266	-0.23237	0.715159	   0
 267	-0.441991	0.608372	   0
 268	-0.608372	0.441991	   0
 269	-0.715159	0.23237	   0
 270	-0.752	0	   0
 271	0.588	0	   0
 272	0.576726	0.114757	   0
 273	0.543217	0.225009	   0
 274	0.488923	0.326635	   0
 275	0.41581	0.41581	   0
 276	0.294001	0.509209	   0
 277	0.152193	0.568003	   0
 278	0	0.588	   0
 279	-0.181693	0.559192	   0
 280	-0.345645	0.475691	   0
 281	-0.475691	0.345645	   0
 282	-0.559192	0.181693	   0
 283	-0.588	0	   0
 284	0.52682	0	   0
 285	0.516683	0.10278	   0
 286	0.486759	0.201582	   0
 287	0.438047	0.292827	   0
 288	0.372548	0.372548	   0
 289	0.26341	0.456245	   0
 290	0.136378	0.508832	   0
 291	0	0.52682	   0
 292	-0.162816	0.501071	   0
 293	-0.309631	0.426227	   0
 294	-0.426227	0.309631	   0
 295	-0.501071	0.162816	   0
 296	-0.52682	0	   0
 297	0.5	0	   0
 298	0.4904	0.0975	   0
 299	0.461905	0.191302	   0
 300	0.415702	0.277801	   0
 301	0.353595	0.353595	   0
 302	0.250001	0.433001	   0
 303	0.129399	0.482997	   0
 304	0	0.5	   0
 305	-0.154501	0.475503	   0
 306	-0.2939	0.4045	   0
 307	-0.4045	0.2939	   0
 308	-0.475503	0.154501	   0
 309	-0.5	0	   0
 310	1.37312	-0.27314	   0
 311	1.83029	-0.37709	   0
 312	1.29346	-0.53578	   0
 313	1.6898	-0.73066	   0
 314	1.16641	-0.77777	   0
 315	1.50241	-1.03705	   0
 316	0.989945	-0.989945	   0
 317	1.26819	-1.27274	   0
 318	0.7	-1.21247	   0
 319	0.84658	-1.43773	   0
 320	0.36232	-1.35233	   0
 321	0.7763	-1.88552	   0
 322	0	-1.4	   0
 323	0	-1.88552	   0
 324	-0.432603	-1.33148	   0
 325	-0.60564	-1.76771	   0
 326	-0.822922	-1.1326	   0
 327	-1.07408	-1.50843	   0
 328	-1.1326	-0.822922	   0
 329	-1.49569	-1.08416	   0
 330	-1.33148	-0.432603	   0
 331	-1.77674	-0.58926	   0
 332	2.36901	-0.49497	   0
 333	2.2519	-0.96635	   0
 334	2.04113	-1.34344	   0
 335	1.71318	-1.72053	   0
 336	3.09512	-0.49	   0
 337	2.95456	-0.98	   0
 338	2.81407	-1.47	   0
 339	2.67351	-2.03	   0
 340	2.65013	-2.59	   0
 341	1.71318	-2.47478	   0
 342	0.79968	-2.47478	   0
 343	0	-2.4983	   0
 344	-0.79303	-2.3569	   0
 345	-1.47231	-2.0034	   0
 346	-2.03441	-1.43773	   0
 347	-2.40919	-0.80136	   0
 348	2.66	-3.48824	   0
 349	1.6898	-3.43	   0
 350	0.79968	-3.41754	   0
 351	-0.091	-3.41754	   0
 352	-1.07408	-3.27607	   0
 353	-2.03441	-2.80469	   0
 354	-2.80735	-2.0034	   0
 355	-3.32269	-1.06064	   0
 356	2.66	-4.445	   0
 357	1.71318	-4.5017	   0
 358	0.72947	-4.52522	   0
 359	-0.23086	-4.47811	   0
 360	-1.40203	-4.26601	   0
 361	-2.64341	-3.62964	   0
 362	-3.62712	-2.59259	   0
 363	-4.3064	-1.39055	   0
 364	2.66	-5.6	   0
 365	1.71318	-5.6	   0
 366	0.68257	-5.6	   0
 367	-0.39487	-5.51516	   0
 368	-1.72991	-5.25588	   0
 369	-3.22896	-4.45452	   0
 370	-4.47034	-3.18185	   0
 371	-5.29018	-1.72053	   0
 372	2.66	-7	   0
 373	1.71318	-7	   0
 374	0.65919	-7	   0
 375	-0.53536	-6.9293	   0
 376	-2.17497	-6.62291	   0
 377	-4.11901	-5.63297	   0
 378	-5.68834	-4.10102	   0
 379	-6.64867	-2.1448	   0
 380	3.787	-0.49	   0
 381	3.7765	-0.98	   0
 382	3.7275	-1.47	   0
 383	3.675	-2.03	   0
 384	3.675	-2.59	   0
 385	3.6575	-3.5	   0
 386	3.64	-4.375	   0
 387	3.64	-5.6	   0
 388	3.64	-7	   0
 389	4.48	-0.49	   0
 390	4.48	-0.98	   0
 391	4.48	-1.47	   0
 392	4.48	-2.03	   0
 393	4.48	-2.59	   0
 394	4.48	-3.5	   0
 395	4.48	-4.375	   0
 396	4.48	-5.6	   0
 397	4.48	-7	   0
 398	5.18	-0.49	   0
 399	5.18	-0.98	   0
 400	5.18	-1.47	   0
 401	5.18	-2.03	   0
 402	5.18	-2.59	   0
 403	5.18	-3.5	   0
 404	5.18	-4.375	   0
 405	5.18	-5.6	   0
 406	5.18	-7	   0
 407	5.915	-0.49	   0
 408	5.915	-0.98	   0
 409	5.915	-1.47	   0
 410	5.915	-2.03	   0
 411	5.915	-2.59	   0
 412	5.915	-3.5	   0
 413	5.915	-4.375	   0
 414	5.915	-5.6	   0
 415	5.915	-7	   0
 416	6.65	-0.49	   0
 417	6.65	-0.98	   0
 418	6.65	-1.47	   0
 419	6.65	-2.03	   0
 420	6.65	-2.59	   0
 421	6.65	-3.5	   0
 422	6.65	-4.375	   0
 423	6.65	-5.6	   0
 424	6.65	-7	   0
 425	7.35	-0.49	   0
 426	7.35	-0.98	   0
 427	7.35	-1.47	   0
 428	7.35	-2.03	   0
 429	7.35	-2.59	   0
 430	7.35	-3.5	   0
 431	7.35	-4.375	   0
 432	7.35	-5.6	   0
 433	7.35	-7	   0
 434	8.12	-0.49	   0
 435	8.12	-0.98	   0
 436	8.12	-1.47	   0
 437	8.12	-2.03	   0
 438	8.12	-2.59	   0
 439	8.12	-3.5	   0
 440	8.12	-4.375	   0
 441	8.12	-5.6	   0
 442	8.12	-7	   0
 443	8.96	-0.49	   0
 444	8.96	-0.98	   0
 445	8.96	-1.47	   0
 446	8.96	-2.03	   0
 447	8.96	-2.59	   0
 448	8.96	-3.5	   0
 449	8.96	-4.375	   0
 450	8.96	-5.6	   0
 451	8.96	-7	   0
 452	9.87	-0.49	   0
 453	9.87	-0.98	   0
 454	9.87	-1.47	   0
 455	9.87	-2.03	   0
 456	9.87	-2.59	   0
 457	9.87	-3.5	   0
 458	9.87	-4.375	   0
 459	9.87	-5.6	   0
 460	9.87	-7	   0
 461	10.85	-0.49	   0
 462	10.85	-0.98	   0
 463	10.85	-1.47	   0
 464	10.85	-2.03	   0
 465	10.85	-2.59	   0
 466	10.85	-3.5	   0
 467	10.85	-4.375	   0
 468	10.85	-5.6	   0
 469	10.85	-7	   0
 470	11.97	-0.49	   0
 471	11.97	-0.98	   0
 472	11.97	-1.47	   0
 473	11.97	-2.03	   0
 474	11.97	-2.59	   0
 475	11.97	-3.5	   0
 476	11.97	-4.375	   0
 477	11.97	-5.6	   0
 478	11.97	-7	   0
 479	13.16	-0.49	   0
 480	13.16	-0.98	   0
 481	13.16	-1.47	   0
 482	13.16	-2.03	   0
 483	13.16	-2.59	   0
 484	13.16	-3.5	   0
 485	13.16	-4.375	   0
 486	13.16	-5.6	   0
 487	13.16	-7	   0
 488	14.49	-0.49	   0
 489	14.49	-0.98	   0
 490	14.49	-1.47	   0
 491	14.49	-2.03	   0
 492	14.49	-2.59	   0
 493	14.49	-3.5	   0
 494	14.49	-4.375	   0
 495	14.49	-5.6	   0
 496	14.49	-7	   0
 497	15.925	-0.49	   0
 498	15.925	-0.98	   0
 499	15.925	-1.47	   0
 500	15.925	-2.03	   0
 501	15.925	-2.59	   0
 502	15.925	-3.5	   0
 503	15.925	-4.375	   0
 504	15.925	-5.6	   0
 505	15.925	-7	   0
 506	17.5	-0.49	   0
 507	17.5	-0.98	   0
 508	17.5	-1.47	   0
 509	17.5	-2.03	   0
 510	17.5	-2.59	   0
 511	17.5	-3.5	   0
 512	17.5	-4.375	   0
 513	17.5	-5.6	   0
 514	17.5	-7	   0
 515	1.17726	-0.234045	   0
 516	1.10865	-0.459203	   0
 517	0.997755	-0.666716	   0
 518	0.848548	-0.848548	   0
 519	0.600005	-1.03921	   0
 520	0.31056	-1.15912	   0
 521	0	-1.2	   0
 522	-0.370799	-1.14128	   0
 523	-0.705361	-0.970802	   0
 524	-0.970802	-0.705361	   0
 525	-1.14128	-0.370799	   0
 526	0.949424	-0.188846	   0
 527	0.894334	-0.370476	   0
 528	0.804853	-0.537772	   0
 529	0.684468	-0.684468	   0
 530	0.484003	-0.838293	   0
 531	0.250537	-0.935004	   0
 532	0	-0.968	   0
 533	-0.299116	-0.920582	   0
 534	-0.569007	-0.783111	   0
 535	-0.783111	-0.569007	   0
 536	-0.92065	-0.29911	   0
 537	0.737527	-0.146735	   0
 538	0.694757	-0.287735	   0
 539	0.625199	-0.417833	   0
 540	0.531756	-0.531756	   0
 541	0.376001	-0.651234	   0
 542	0.194675	-0.726342	   0
 543	0	-0.752	   0
 544	-0.23237	-0.715159	   0
 545	-0.441991	-0.608372	   0
 546	-0.608372	-0.441991	   0
 547	-0.715159	-0.23237	   0
 548	0.576726	-0.114757	   0
 549	0.543217	-0.225009	   0
 550	0.488923	-0.326635	   0
 551	0.41581	-0.41581	   0
 552	0.294001	-0.509209	   0
 553	0.152193	-0.568003	   0
 554	0	-0.588	   0
 555	-0.181693	-0.559192	   0
 556	-0.345645	-0.475691	   0
 557	-0.475691	-0.345645	   0
 558	-0.559192	-0.181693	   0
 559	0.516683	-0.10278	   0
 560	0.486759	-0.201582	   0
 561	0.438047	-0.292827	   0
 562	0.372548	-0.372548	   0
 563	0.26341	-0.456245	   0
 564	0.136378	-0.508832	   0
 565	0	-0.52682	   0
 566	-0.162816	-0.501071	   0
 567	-0.309631	-0.426227	   0
 568	-0.426227	-0.309631	   0
 569	-0.501071	-0.162816	   0
 570	0.4904	-0.0975	   0
 571	0.461905	-0.191302	   0
 572	0.415702	-0.277801	   0
 573	0.353595	-0.353595	   0
 574	0.250001	-0.433001	   0
 575	0.129399	-0.482997	   0
 576	0	-0.5	   0
 577	-0.154501	-0.475503	   0
 578	-0.2939	-0.4045	   0
 579	-0.4045	-0.2939	   0
 580	-0.475503	-0.154501	   0
</NODES>

<ELEMENTS NUMBER=536>
1   <Q>    1    2    3    4 </Q>
2   <Q>    5    1    4    6 </Q>
3   <Q>    7    5    6    8 </Q>
4   <Q>    9    7    8   10 </Q>
5   <Q>   11    9   10   12 </Q>
6   <Q>   13   11   12   14 </Q>
7   <Q>   15   13   14   16 </Q>
8   <Q>   17   15   16   18 </Q>
9   <Q>   19   17   18   20 </Q>
10   <Q>   21   19   20   22 </Q>
11   <Q>   23   21   22   24 </Q>
12   <Q>   25   23   24   26 </Q>
13   <Q>   27    4    3   28 </Q>
14   <Q>   29    6    4   27 </Q>
15   <Q>   30    8    6   29 </Q>
16   <Q>   31   10    8   30 </Q>
17   <Q>   31   14   12   10 </Q>
18   <Q>   32   33   27   28 </Q>
19   <Q>   34   29   27   33 </Q>
20   <Q>   35   30   29   34 </Q>
21   <Q>   36   31   30   35 </Q>
22   <Q>   37   38   31   36 </Q>
23   <Q>   39   14   31   38 </Q>
24   <Q>   40   16   14   39 </Q>
25   <Q>   41   18   16   40 </Q>
26   <Q>   42   20   18   41 </Q>
27   <Q>   43   22   20   42 </Q>
28   <Q>   44   24   22   43 </Q>
29   <Q>   45   26   24   44 </Q>
30   <Q>   46   47   38   37 </Q>
31   <Q>   48   39   38   47 </Q>
32   <Q>   49   40   39   48 </Q>
33   <Q>   50   41   40   49 </Q>
34   <Q>   51   42   41   50 </Q>
35   <Q>   52   43   42   51 </Q>
36   <Q>   53   44   43   52 </Q>
37   <Q>   54   45   44   53 </Q>
38   <Q>   55   56   47   46 </Q>
39   <Q>   57   48   47   56 </Q>
40   <Q>   58   49   48   57 </Q>
41   <Q>   59   50   49   58 </Q>
42   <Q>   60   51   50   59 </Q>
43   <Q>   61   52   51   60 </Q>
44   <Q>   62   53   52   61 </Q>
45   <Q>   63   54   53   62 </Q>
46   <Q>   64   65   56   55 </Q>
47   <Q>   66   57   56   65 </Q>
48   <Q>   67   58   57   66 </Q>
49   <Q>   68   59   58   67 </Q>
50   <Q>   69   60   59   68 </Q>
51   <Q>   70   61   60   69 </Q>
52   <Q>   71   62   61   70 </Q>
53   <Q>   72   63   62   71 </Q>
54   <Q>   73   74   65   64 </Q>
55   <Q>   75   66   65   74 </Q>
56   <Q>   76   67   66   75 </Q>
57   <Q>   77   68   67   76 </Q>
58   <Q>   78   69   68   77 </Q>
59   <Q>   79   70   69   78 </Q>
60   <Q>   80   71   70   79 </Q>
61   <Q>   81   72   71   80 </Q>
62   <Q>   82   33   32   83 </Q>
63   <Q>   84   34   33   82 </Q>
64   <Q>   85   35   34   84 </Q>
65   <Q>   86   36   35   85 </Q>
66   <Q>   87   37   36   86 </Q>
67   <Q>   88   46   37   87 </Q>
68   <Q>   89   55   46   88 </Q>
69   <Q>   90   64   55   89 </Q>
70   <Q>   91   73   64   90 </Q>
71   <Q>   92   82   83   93 </Q>
72   <Q>   94   84   82   92 </Q>
73   <Q>   95   85   84   94 </Q>
74   <Q>   96   86   85   95 </Q>
75   <Q>   97   87   86   96 </Q>
76   <Q>   98   88   87   97 </Q>
77   <Q>   99   89   88   98 </Q>
78   <Q>  100   90   89   99 </Q>
79   <Q>  101   91   90  100 </Q>
80   <Q>  102   92   93  103 </Q>
81   <Q>  104   94   92  102 </Q>
82   <Q>  105   95   94  104 </Q>
83   <Q>  106   96   95  105 </Q>
84   <Q>  107   97   96  106 </Q>
85   <Q>  108   98   97  107 </Q>
86   <Q>  109   99   98  108 </Q>
87   <Q>  110  100   99  109 </Q>
88   <Q>  111  101  100  110 </Q>
89   <Q>  112  102  103  113 </Q>
90   <Q>  114  104  102  112 </Q>
91   <Q>  115  105  104  114 </Q>
92   <Q>  116  106  105  115 </Q>
93   <Q>  117  107  106  116 </Q>
94   <Q>  118  108  107  117 </Q>
95   <Q>  119  109  108  118 </Q>
96   <Q>  120  110  109  119 </Q>
97   <Q>  121  111  110  120 </Q>
98   <Q>  122  112  113  123 </Q>
99   <Q>  124  114  112  122 </Q>
100   <Q>  125  115  114  124 </Q>
101   <Q>  126  116  115  125 </Q>
102   <Q>  127  117  116  126 </Q>
103   <Q>  128  118  117  127 </Q>
104   <Q>  129  119  118  128 </Q>
105   <Q>  130  120  119  129 </Q>
106   <Q>  131  121  120  130 </Q>
107   <Q>  132  122  123  133 </Q>
108   <Q>  134  124  122  132 </Q>
109   <Q>  135  125  124  134 </Q>
110   <Q>  136  126  125  135 </Q>
111   <Q>  137  127  126  136 </Q>
112   <Q>  138  128  127  137 </Q>
113   <Q>  139  129  128  138 </Q>
114   <Q>  140  130  129  139 </Q>
115   <Q>  141  131  130  140 </Q>
116   <Q>  142  132  133  143 </Q>
117   <Q>  144  134  132  142 </Q>
118   <Q>  145  135  134  144 </Q>
119   <Q>  146  136  135  145 </Q>
120   <Q>  147  137  136  146 </Q>
121   <Q>  148  138  137  147 </Q>
122   <Q>  149  139  138  148 </Q>
123   <Q>  150  140  139  149 </Q>
124   <Q>  151  141  140  150 </Q>
125   <Q>  152  142  143  153 </Q>
126   <Q>  154  144  142  152 </Q>
127   <Q>  155  145  144  154 </Q>
128   <Q>  156  146  145  155 </Q>
129   <Q>  157  147  146  156 </Q>
130   <Q>  158  148  147  157 </Q>
131   <Q>  159  149  148  158 </Q>
132   <Q>  160  150  149  159 </Q>
133   <Q>  161  151  150  160 </Q>
134   <Q>  162  152  153  163 </Q>
135   <Q>  164  154  152  162 </Q>
136   <Q>  165  155  154  164 </Q>
137   <Q>  166  156  155  165 </Q>
138   <Q>  167  157  156  166 </Q>
139   <Q>  168  158  157  167 </Q>
140   <Q>  169  159  158  168 </Q>
141   <Q>  170  160  159  169 </Q>
142   <Q>  171  161  160  170 </Q>
143   <Q>  172  162  163  173 </Q>
144   <Q>  174  164  162  172 </Q>
145   <Q>  175  165  164  174 </Q>
146   <Q>  176  166  165  175 </Q>
147   <Q>  177  167  166  176 </Q>
148   <Q>  178  168  167  177 </Q>
149   <Q>  179  169  168  178 </Q>
150   <Q>  180  170  169  179 </Q>
151   <Q>  181  171  170  180 </Q>
152   <Q>  182  172  173  183 </Q>
153   <Q>  184  174  172  182 </Q>
154   <Q>  185  175  174  184 </Q>
155   <Q>  186  176  175  185 </Q>
156   <Q>  187  177  176  186 </Q>
157   <Q>  188  178  177  187 </Q>
158   <Q>  189  179  178  188 </Q>
159   <Q>  190  180  179  189 </Q>
160   <Q>  191  181  180  190 </Q>
161   <Q>  192  182  183  193 </Q>
162   <Q>  194  184  182  192 </Q>
163   <Q>  195  185  184  194 </Q>
164   <Q>  196  186  185  195 </Q>
165   <Q>  197  187  186  196 </Q>
166   <Q>  198  188  187  197 </Q>
167   <Q>  199  189  188  198 </Q>
168   <Q>  200  190  189  199 </Q>
169   <Q>  201  191  190  200 </Q>
170   <Q>  202  192  193  203 </Q>
171   <Q>  204  194  192  202 </Q>
172   <Q>  205  195  194  204 </Q>
173   <Q>  206  196  195  205 </Q>
174   <Q>  207  197  196  206 </Q>
175   <Q>  208  198  197  207 </Q>
176   <Q>  209  199  198  208 </Q>
177   <Q>  210  200  199  209 </Q>
178   <Q>  211  201  200  210 </Q>
179   <Q>  212  202  203  213 </Q>
180   <Q>  214  204  202  212 </Q>
181   <Q>  215  205  204  214 </Q>
182   <Q>  216  206  205  215 </Q>
183   <Q>  217  207  206  216 </Q>
184   <Q>  218  208  207  217 </Q>
185   <Q>  219  209  208  218 </Q>
186   <Q>  220  210  209  219 </Q>
187   <Q>  221  211  210  220 </Q>
188   <Q>  222  212  213  223 </Q>
189   <Q>  224  214  212  222 </Q>
190   <Q>  225  215  214  224 </Q>
191   <Q>  226  216  215  225 </Q>
192   <Q>  227  217  216  226 </Q>
193   <Q>  228  218  217  227 </Q>
194   <Q>  229  219  218  228 </Q>
195   <Q>  230  220  219  229 </Q>
196   <Q>  231  221  220  230 </Q>
197   <Q>  232    2    1  233 </Q>
198   <Q>  233    1    5  234 </Q>
199   <Q>  234    5    7  235 </Q>
200   <Q>  235    7    9  236 </Q>
201   <Q>  236    9   11  237 </Q>
202   <Q>  237   11   13  238 </Q>
203   <Q>  238   13   15  239 </Q>
204   <Q>  239   15   17  240 </Q>
205   <Q>  240   17   19  241 </Q>
206   <Q>  241   19   21  242 </Q>
207   <Q>  242   21   23  243 </Q>
208   <Q>  243   23   25  244 </Q>
209   <Q>  245  232  233  246 </Q>
210   <Q>  246  233  234  247 </Q>
211   <Q>  247  234  235  248 </Q>
212   <Q>  248  235  236  249 </Q>
213   <Q>  249  236  237  250 </Q>
214   <Q>  250  237  238  251 </Q>
215   <Q>  251  238  239  252 </Q>
216   <Q>  252  239  240  253 </Q>
217   <Q>  253  240  241  254 </Q>
218   <Q>  254  241  242  255 </Q>
219   <Q>  255  242  243  256 </Q>
220   <Q>  256  243  244  257 </Q>
221   <Q>  258  245  246  259 </Q>
222   <Q>  259  246  247  260 </Q>
223   <Q>  260  247  248  261 </Q>
224   <Q>  261  248  249  262 </Q>
225   <Q>  262  249  250  263 </Q>
226   <Q>  263  250  251  264 </Q>
227   <Q>  264  251  252  265 </Q>
228   <Q>  265  252  253  266 </Q>
229   <Q>  266  253  254  267 </Q>
230   <Q>  267  254  255  268 </Q>
231   <Q>  268  255  256  269 </Q>
232   <Q>  269  256  257  270 </Q>
233   <Q>  271  258  259  272 </Q>
234   <Q>  272  259  260  273 </Q>
235   <Q>  273  260  261  274 </Q>
236   <Q>  274  261  262  275 </Q>
237   <Q>  275  262  263  276 </Q>
238   <Q>  276  263  264  277 </Q>
239   <Q>  277  264  265  278 </Q>
240   <Q>  278  265  266  279 </Q>
241   <Q>  279  266  267  280 </Q>
242   <Q>  280  267  268  281 </Q>
243   <Q>  281  268  269  282 </Q>
244   <Q>  282  269  270  283 </Q>
245   <Q>  284  271  272  285 </Q>
246   <Q>  285  272  273  286 </Q>
247   <Q>  286  273  274  287 </Q>
248   <Q>  287  274  275  288 </Q>
249   <Q>  288  275  276  289 </Q>
250   <Q>  289  276  277  290 </Q>
251   <Q>  290  277  278  291 </Q>
252   <Q>  291  278  279  292 </Q>
253   <Q>  292  279  280  293 </Q>
254   <Q>  293  280  281  294 </Q>
255   <Q>  294  281  282  295 </Q>
256   <Q>  295  282  283  296 </Q>
257   <Q>  297  284  285  298 </Q>
258   <Q>  298  285  286  299 </Q>
259   <Q>  299  286  287  300 </Q>
260   <Q>  300  287  288  301 </Q>
261   <Q>  301  288  289  302 </Q>
262   <Q>  302  289  290  303 </Q>
263   <Q>  303  290  291  304 </Q>
264   <Q>  304  291  292  305 </Q>
265   <Q>  305  292  293  306 </Q>
266   <Q>  306  293  294  307 </Q>
267   <Q>  307  294  295  308 </Q>
268   <Q>  308  295  296  309 </Q>
269   <Q>  311    3    2  310 </Q>
270   <Q>  313  311  310  312 </Q>
271   <Q>  315  313  312  314 </Q>
272   <Q>  317  315  314  316 </Q>
273   <Q>  319  317  316  318 </Q>
274   <Q>  321  319  318  320 </Q>
275   <Q>  323  321  320  322 </Q>
276   <Q>  325  323  322  324 </Q>
277   <Q>  327  325  324  326 </Q>
278   <Q>  329  327  326  328 </Q>
279   <Q>  331  329  328  330 </Q>
280   <Q>   26  331  330   25 </Q>
281   <Q>   28    3  311  332 </Q>
282   <Q>  332  311  313  333 </Q>
283   <Q>  333  313  315  334 </Q>
284   <Q>  334  315  317  335 </Q>
285   <Q>  317  319  321  335 </Q>
286   <Q>   28  332  336   32 </Q>
287   <Q>  336  332  333  337 </Q>
288   <Q>  337  333  334  338 </Q>
289   <Q>  338  334  335  339 </Q>
290   <Q>  339  335  341  340 </Q>
291   <Q>  341  335  321  342 </Q>
292   <Q>  342  321  323  343 </Q>
293   <Q>  343  323  325  344 </Q>
294   <Q>  344  325  327  345 </Q>
295   <Q>  345  327  329  346 </Q>
296   <Q>  346  329  331  347 </Q>
297   <Q>  347  331   26   45 </Q>
298   <Q>  340  341  349  348 </Q>
299   <Q>  349  341  342  350 </Q>
300   <Q>  350  342  343  351 </Q>
301   <Q>  351  343  344  352 </Q>
302   <Q>  352  344  345  353 </Q>
303   <Q>  353  345  346  354 </Q>
304   <Q>  354  346  347  355 </Q>
305   <Q>  355  347   45   54 </Q>
306   <Q>  348  349  357  356 </Q>
307   <Q>  357  349  350  358 </Q>
308   <Q>  358  350  351  359 </Q>
309   <Q>  359  351  352  360 </Q>
310   <Q>  360  352  353  361 </Q>
311   <Q>  361  353  354  362 </Q>
312   <Q>  362  354  355  363 </Q>
313   <Q>  363  355   54   63 </Q>
314   <Q>  356  357  365  364 </Q>
315   <Q>  365  357  358  366 </Q>
316   <Q>  366  358  359  367 </Q>
317   <Q>  367  359  360  368 </Q>
318   <Q>  368  360  361  369 </Q>
319   <Q>  369  361  362  370 </Q>
320   <Q>  370  362  363  371 </Q>
321   <Q>  371  363   63   72 </Q>
322   <Q>  364  365  373  372 </Q>
323   <Q>  373  365  366  374 </Q>
324   <Q>  374  366  367  375 </Q>
325   <Q>  375  367  368  376 </Q>
326   <Q>  376  368  369  377 </Q>
327   <Q>  377  369  370  378 </Q>
328   <Q>  378  370  371  379 </Q>
329   <Q>  379  371   72   81 </Q>
330   <Q>   83   32  336  380 </Q>
331   <Q>  380  336  337  381 </Q>
332   <Q>  381  337  338  382 </Q>
333   <Q>  382  338  339  383 </Q>
334   <Q>  383  339  340  384 </Q>
335   <Q>  384  340  348  385 </Q>
336   <Q>  385  348  356  386 </Q>
337   <Q>  386  356  364  387 </Q>
338   <Q>  387  364  372  388 </Q>
339   <Q>   93   83  380  389 </Q>
340   <Q>  389  380  381  390 </Q>
341   <Q>  390  381  382  391 </Q>
342   <Q>  391  382  383  392 </Q>
343   <Q>  392  383  384  393 </Q>
344   <Q>  393  384  385  394 </Q>
345   <Q>  394  385  386  395 </Q>
346   <Q>  395  386  387  396 </Q>
347   <Q>  396  387  388  397 </Q>
348   <Q>  103   93  389  398 </Q>
349   <Q>  398  389  390  399 </Q>
350   <Q>  399  390  391  400 </Q>
351   <Q>  400  391  392  401 </Q>
352   <Q>  401  392  393  402 </Q>
353   <Q>  402  393  394  403 </Q>
354   <Q>  403  394  395  404 </Q>
355   <Q>  404  395  396  405 </Q>
356   <Q>  405  396  397  406 </Q>
357   <Q>  113  103  398  407 </Q>
358   <Q>  407  398  399  408 </Q>
359   <Q>  408  399  400  409 </Q>
360   <Q>  409  400  401  410 </Q>
361   <Q>  410  401  402  411 </Q>
362   <Q>  411  402  403  412 </Q>
363   <Q>  412  403  404  413 </Q>
364   <Q>  413  404  405  414 </Q>
365   <Q>  414  405  406  415 </Q>
366   <Q>  123  113  407  416 </Q>
367   <Q>  416  407  408  417 </Q>
368   <Q>  417  408  409  418 </Q>
369   <Q>  418  409  410  419 </Q>
370   <Q>  419  410  411  420 </Q>
371   <Q>  420  411  412  421 </Q>
372   <Q>  421  412  413  422 </Q>
373   <Q>  422  413  414  423 </Q>
374   <Q>  423  414  415  424 </Q>
375   <Q>  133  123  416  425 </Q>
376   <Q>  425  416  417  426 </Q>
377   <Q>  426  417  418  427 </Q>
378   <Q>  427  418  419  428 </Q>
379   <Q>  428  419  420  429 </Q>
380   <Q>  429  420  421  430 </Q>
381   <Q>  430  421  422  431 </Q>
382   <Q>  431  422  423  432 </Q>
383   <Q>  432  423  424  433 </Q>
384   <Q>  143  133  425  434 </Q>
385   <Q>  434  425  426  435 </Q>
386   <Q>  435  426  427  436 </Q>
387   <Q>  436  427  428  437 </Q>
388   <Q>  437  428  429  438 </Q>
389   <Q>  438  429  430  439 </Q>
390   <Q>  439  430  431  440 </Q>
391   <Q>  440  431  432  441 </Q>
392   <Q>  441  432  433  442 </Q>
393   <Q>  153  143  434  443 </Q>
394   <Q>  443  434  435  444 </Q>
395   <Q>  444  435  436  445 </Q>
396   <Q>  445  436  437  446 </Q>
397   <Q>  446  437  438  447 </Q>
398   <Q>  447  438  439  448 </Q>
399   <Q>  448  439  440  449 </Q>
400   <Q>  449  440  441  450 </Q>
401   <Q>  450  441  442  451 </Q>
402   <Q>  163  153  443  452 </Q>
403   <Q>  452  443  444  453 </Q>
404   <Q>  453  444  445  454 </Q>
405   <Q>  454  445  446  455 </Q>
406   <Q>  455  446  447  456 </Q>
407   <Q>  456  447  448  457 </Q>
408   <Q>  457  448  449  458 </Q>
409   <Q>  458  449  450  459 </Q>
410   <Q>  459  450  451  460 </Q>
411   <Q>  173  163  452  461 </Q>
412   <Q>  461  452  453  462 </Q>
413   <Q>  462  453  454  463 </Q>
414   <Q>  463  454  455  464 </Q>
415   <Q>  464  455  456  465 </Q>
416   <Q>  465  456  457  466 </Q>
417   <Q>  466  457  458  467 </Q>
418   <Q>  467  458  459  468 </Q>
419   <Q>  468  459  460  469 </Q>
420   <Q>  183  173  461  470 </Q>
421   <Q>  470  461  462  471 </Q>
422   <Q>  471  462  463  472 </Q>
423   <Q>  472  463  464  473 </Q>
424   <Q>  473  464  465  474 </Q>
425   <Q>  474  465  466  475 </Q>
426   <Q>  475  466  467  476 </Q>
427   <Q>  476  467  468  477 </Q>
428   <Q>  477  468  469  478 </Q>
429   <Q>  193  183  470  479 </Q>
430   <Q>  479  470  471  480 </Q>
431   <Q>  480  471  472  481 </Q>
432   <Q>  481  472  473  482 </Q>
433   <Q>  482  473  474  483 </Q>
434   <Q>  483  474  475  484 </Q>
435   <Q>  484  475  476  485 </Q>
436   <Q>  485  476  477  486 </Q>
437   <Q>  486  477  478  487 </Q>
438   <Q>  203  193  479  488 </Q>
439   <Q>  488  479  480  489 </Q>
440   <Q>  489  480  481  490 </Q>
441   <Q>  490  481  482  491 </Q>
442   <Q>  491  482  483  492 </Q>
443   <Q>  492  483  484  493 </Q>
444   <Q>  493  484  485  494 </Q>
445   <Q>  494  485  486  495 </Q>
446   <Q>  495  486  487  496 </Q>
447   <Q>  213  203  488  497 </Q>
448   <Q>  497  488  489  498 </Q>
449   <Q>  498  489  490  499 </Q>
450   <Q>  499  490  491  500 </Q>
451   <Q>  500  491  492  501 </Q>
452   <Q>  501  492  493  502 </Q>
453   <Q>  502  493  494  503 </Q>
454   <Q>  503  494  495  504 </Q>
455   <Q>  504  495  496  505 </Q>
456   <Q>  223  213  497  506 </Q>
457   <Q>  506  497  498  507 </Q>
458   <Q>  507  498  499  508 </Q>
459   <Q>  508  499  500  509 </Q>
460   <Q>  509  500  501  510 </Q>
461   <Q>  510  501  502  511 </Q>
462   <Q>  511  502  503  512 </Q>
463   <Q>  512  503  504  513 </Q>
464   <Q>  513  504  505  514 </Q>
465   <Q>  515  310    2  232 </Q>
466   <Q>  516  312  310  515 </Q>
467   <Q>  517  314  312  516 </Q>
468   <Q>  518  316  314  517 </Q>
469   <Q>  519  318  316  518 </Q>
470   <Q>  520  320  318  519 </Q>
471   <Q>  521  322  320  520 </Q>
472   <Q>  522  324  322  521 </Q>
473   <Q>  523  326  324  522 </Q>
474   <Q>  524  328  326  523 </Q>
475   <Q>  525  330  328  524 </Q>
476   <Q>  244   25  330  525 </Q>
477   <Q>  526  515  232  245 </Q>
478   <Q>  527  516  515  526 </Q>
479   <Q>  528  517  516  527 </Q>
480   <Q>  529  518  517  528 </Q>
481   <Q>  530  519  518  529 </Q>
482   <Q>  531  520  519  530 </Q>
483   <Q>  532  521  520  531 </Q>
484   <Q>  533  522  521  532 </Q>
485   <Q>  534  523  522  533 </Q>
486   <Q>  535  524  523  534 </Q>
487   <Q>  536  525  524  535 </Q>
488   <Q>  257  244  525  536 </Q>
489   <Q>  537  526  245  258 </Q>
490   <Q>  538  527  526  537 </Q>
491   <Q>  539  528  527  538 </Q>
492   <Q>  540  529  528  539 </Q>
493   <Q>  541  530  529  540 </Q>
494   <Q>  542  531  530  541 </Q>
495   <Q>  543  532  531  542 </Q>
496   <Q>  544  533  532  543 </Q>
497   <Q>  545  534  533  544 </Q>
498   <Q>  546  535  534  545 </Q>
499   <Q>  547  536  535  546 </Q>
500   <Q>  270  257  536  547 </Q>
501   <Q>  548  537  258  271 </Q>
502   <Q>  549  538  537  548 </Q>
503   <Q>  550  539  538  549 </Q>
504   <Q>  551  540  539  550 </Q>
505   <Q>  552  541  540  551 </Q>
506   <Q>  553  542  541  552 </Q>
507   <Q>  554  543  542  553 </Q>
508   <Q>  555  544  543  554 </Q>
509   <Q>  556  545  544  555 </Q>
510   <Q>  557  546  545  556 </Q>
511   <Q>  558  547  546  557 </Q>
512   <Q>  283  270  547  558 </Q>
513   <Q>  559  548  271  284 </Q>
514   <Q>  560  549  548  559 </Q>
515   <Q>  561  550  549  560 </Q>
516   <Q>  562  551  550  561 </Q>
517   <Q>  563  552  551  562 </Q>
518   <Q>  564  553  552  563 </Q>
519   <Q>  565  554  553  564 </Q>
520   <Q>  566  555  554  565 </Q>
521   <Q>  567  556  555  566 </Q>
522   <Q>  568  557  556  567 </Q>
523   <Q>  569  558  557  568 </Q>
524   <Q>  296  283  558  569 </Q>
525   <Q>  570  559  284  297 </Q>
526   <Q>  571  560  559  570 </Q>
527   <Q>  572  561  560  571 </Q>
528   <Q>  573  562  561  572 </Q>
529   <Q>  574  563  562  573 </Q>
530   <Q>  575  564  563  574 </Q>
531   <Q>  576  565  564  575 </Q>
532   <Q>  577  566  565  576 </Q>
533   <Q>  578  567  566  577 </Q>
534   <Q>  579  568  567  578 </Q>
535   <Q>  580  569  568  579 </Q>
536   <Q>  309  296  569  580 </Q>
</ELEMENTS>

<CURVES NUMBER=24>
1       257     4       <ARC> -0.5 </ARC>
2       258     4       <ARC> -0.5 </ARC>
3       259     4       <ARC> -0.5 </ARC>
4       260     4       <ARC> -0.5 </ARC>
5       261     4       <ARC> -0.5 </ARC>
6       262     4       <ARC> -0.5 </ARC>
7       263     4       <ARC> -0.5 </ARC>
8       264     4       <ARC> -0.5 </ARC>
9       265     4       <ARC> -0.5 </ARC>
10      266     4       <ARC> -0.5 </ARC>
11      267     4       <ARC> -0.5 </ARC>
12      268     4       <ARC> -0.5 </ARC>
13      525     4       <ARC> -0.5 </ARC>
14      526     4       <ARC> -0.5 </ARC>
15      527     4       <ARC> -0.5 </ARC>
16      528     4       <ARC> -0.5 </ARC>
17      529     4       <ARC> -0.5 </ARC>
18      530     4       <ARC> -0.5 </ARC>
19      531     4       <ARC> -0.5 </ARC>
20      532     4       <ARC> -0.5 </ARC>
21      533     4       <ARC> -0.5 </ARC>
22      534     4       <ARC> -0.5 </ARC>
23      535     4       <ARC> -0.5 </ARC>
24      536     4       <ARC> -0.5 </ARC>
</CURVES>

<SURFACES NUMBER=88>
1       257     4       <B>	w	</B>
2       258     4       <B>	w	</B>
3       259     4       <B>	w	</B>
4       260     4       <B>	w	</B>
5       261     4       <B>	w	</B>
6       262     4       <B>	w	</B>
7       263     4       <B>	w	</B>
8       264     4       <B>	w	</B>
9       265     4       <B>	w	</B>
10      266     4       <B>	w	</B>
11      267     4       <B>	w	</B>
12      268     4       <B>	w	</B>
13      525     4       <B>	w	</B>
14      526     4       <B>	w	</B>
15      527     4       <B>	w	</B>
16      528     4       <B>	w	</B>
17      529     4       <B>	w	</B>
18      530     4       <B>	w	</B>
19      531     4       <B>	w	</B>
20      532     4       <B>	w	</B>
21      533     4       <B>	w	</B>
22      534     4       <B>	w	</B>
23      535     4       <B>	w	</B>
24      536     4       <B>	w	</B>

25      196	4	<B>	o	</B>
26      195	4	<B>	o	</B>
27      194	4	<B>	o	</B>
28      193	4	<B>	o	</B>
29      192	4	<B>	o	</B>
30      191	4	<B>	o	</B>
31      190	4	<B>	o	</B>
32      189	4	<B>	o	</B>
33      188	4	<B>	o	</B>
34      456	4	<B>	o	</B>
35      457	4	<B>	o	</B>
36      458	4	<B>	o	</B>
37      459	4	<B>	o	</B>
38      460	4	<B>	o	</B>
39      461	4	<B>	o	</B>
40      462	4	<B>	o	</B>
41      463	4	<B>	o	</B>
42      464	4	<B>	o	</B>

43	54      1	<B>	v	</B>
44	55      4	<B>	v	</B>
45	56      4	<B>	v	</B>
46	57      4	<B>	v	</B>
47	58      4	<B>	v	</B>
48	59      4	<B>	v	</B>
49	60      4	<B>	v	</B>
50	61      4	<B>	v	</B>
51	322     3	<B>	v	</B>
52	323     4	<B>	v	</B>
53	324     4	<B>	v	</B>
54	325     4	<B>	v	</B>
55	326     4	<B>	v	</B>
56	327     4	<B>	v	</B>
57	328     4	<B>	v	</B>
58	329     4	<B>	v	</B>

59	70	1	<B>	v	</B>
60	79	1	<B>	v	</B>
61	88	1	<B>	v	</B>
62	97	1	<B>	v	</B>
63	106     1	<B>	v	</B>
64	115     1	<B>	v	</B>
65	124     1	<B>	v	</B>
66	133     1	<B>	v	</B>
67	142     1	<B>	v	</B>
68	151     1	<B>	v	</B>
69	160     1	<B>	v	</B>
70	169     1	<B>	v	</B>
71	178     1	<B>	v	</B>
72	187     1	<B>	v	</B>
73	196     1	<B>	v	</B>

74	338	3	<B>	v	</B>
75	347	3	<B>	v	</B>
76	356	3	<B>	v	</B>
77	365	3	<B>	v	</B>
78	374     3	<B>	v	</B>
79	383     3	<B>	v	</B>
80	392     3	<B>	v	</B>
81	401     3	<B>	v	</B>
82	410     3	<B>	v	</B>
83	419     3	<B>	v	</B>
84	428     3	<B>	v	</B>
85	437     3	<B>	v	</B>
86	446     3	<B>	v	</B>
87	455     3	<B>	v	</B>
88	464     3	<B>	v	</B>
</SURFACES>
