# Circular cylinder, 112 elements.

<FIELDS>
	u v p c
</FIELDS>

<USER>
	u = 1.0-0.25/(x^2+y^2)+0.5*y*y/(x^2+y^2)^2
	v = -0.5*x*y/(x^2+y^2)^2
	p = 0.0
	c = T_REF
</USER>

<TOKENS>
	N_TIME	 = 2
	N_P	 = 8
	N_STEP	 = 40000
	D_T	 = 0.005
	Re	 = 20.0
	KINVIS	 = 1.0/Re
	PRANDTL  = 0.720
	g_1	 = 0
	g_2	 = 0
	g_3	 = 0
	BETA_T	 = 0
	T_REF	 = 0
	T_MAX	 = 1
	IO_HIS   = 10
	CHKPOINT = 1
</TOKENS>

<GROUPS NUMBER=3>
	1	v	velocity
	2	w	wall
	3	o	exit
</GROUPS>

<BCS NUMBER=3>
	1	v	4
		<D>	u = 1.0-0.25/(x^2+y^2)+0.5*y*y/(x^2+y^2)^2	</D>
		<D>	v = -0.5*x*y/(x^2+y^2)^2 			</D>
		<H>	p = 0.0						</H>
		<D>	c = T_REF					</D>
	2	w	4
		<D>	u = 0.0		</D>
		<D>	v = 0.0		</D>
		<H>	p = 0.0		</H>
		<D>	c = T_MAX	</D>
	3	o	4
		<N>	u = 0.0		</N>
		<N>	v = 0.0		</N>
		<D>	p = 0.0		</D>
		<N>	c = 0.0		</N>
</BCS>


<NODES NUMBER=132>
	1	0.5 		0		0
	2	0.447214	0.223607	0
	3	0.320092	0.384111	0
	4	0		0.5		0
	5	-0.353553	0.353553	0
	6	-0.5		0		0
	7	-0.353553	-0.353553	0
	8	0		-0.5		0
	9	0.320092	-0.384111	0
	10	0.447214	-0.223607	0
	11	0.6		0		0
	12	0.54378		0.25357		0
	13	0.384111	0.460933	0
	14	0		0.6		0
	15	-0.424264	0.424264	0
	16	-0.6		0		0
	17	-0.424264	-0.424264	0
	18	0		-0.6		0
	19	0.384111	-0.460933	0
	20	0.54378 	-0.25357	0
	21	1.0		0.0		0
	22	0.92050		0.39073		0
	23	0.640184	0.768221	0
	24	0		1.0		0
	25	-0.707107	0.707107	0
	26	-1.0		0		0
	27	-0.707107	-0.707107	0
	28	0		-1.0		0
	29	0.640184	-0.768221	0
	30	0.92050		-0.39073	0
	31	1.7		0.0		0
	32	1.58709		0.60923		0
	33	1.15940		1.24330		0
	34	0		1.7		0
	35	-1.20208	1.20208		0
	36	-1.7		0		0
	37	-1.20208	-1.20208	0
	38	0		-1.7		0
	39	1.15940		-1.24330	0
	40	1.58709		-0.60923	0
	41	2.55		0		0
	42	2.41107		0.83020		0
	43	1.83432		1.77138		0
	44	0		2.55		0
	45	-1.80312	1.80312		0
	46	-2.55		0		0
	47	-1.80312	-1.80312	0
	48	0		-2.55		0
	49	1.83432		-1.77138	0
	50	2.41107		-0.83020	0
	51	3.7		0		0
	52	3.6		1.1		0
	53	3.1		2.5		0
	54	0		4		0
	55	-2.82843	2.82843		0
	56	-4.0		0		0
	57	-2.82843	-2.82843	0
	58	0		-4		0
	59	3.1		-2.5		0
	60	3.6		-1.1		0
	61	3.1		7.5		0
	62	0		7.5		0
	63	-7.5		7.5		0
	64	-7.5		0		0
	65	-7.5		-7.5		0
	66	0		-7.5		0
	67	3.1		-7.5		0
	68	5.2		7.5		0
	69	5.2		2.9		0
	70	5.2		1.4		0
	71	5.2		0		0
	72	5.2		-1.4		0
	73	5.2		-2.9		0
	74	5.2		-7.5		0
	75	7.5		7.5		0
	76	7.5		3		0
	77	7.5		1.5		0
	78	7.5		0		0
	79	7.5		-1.5		0
	80	7.5		-3		0
	81	7.5		-7.5		0
	82	10.25		7.5		0
	83	10.25		3		0
	84	10.25		1.5		0
	85	10.25		0		0
	86	10.25		-1.5		0
	87	10.25		-3		0
	88	10.25		-7.5		0
	89	13.25		7.5		0
	90	13.25		3		0
	91	13.25		1.5		0
	92	13.25		0		0
	93	13.25		-1.5		0
	94 	13.25		-3		0
	95	13.25		-7.5		0
	96	16.5		7.5		0
	97	16.5		3		0
	98	16.5		1.5		0
	99	16.5		0		0
	100	16.5		-1.5		0
	101	16.5		-3		0
	102	16.5		-7.5		0
	103	20		7.5		0
	104	20		3		0
	105	20		1.5		0
	106	20		0		0
	107	20		-1.5		0
	108	20		-3		0
	109	20		-7.5		0

	110	-7.5		20		0
	111	0		20		0
	112	3.1		20		0
	113	5.2		20		0
	114	7.5		20		0
	115	10.25		20		0
	116	13.25		20		0
	117	16.5		20		0
	118	20		20		0

	119	-7.5		-20		0
	120	0		-20		0
	121	3.1		-20		0
	122	5.2		-20		0
	123	7.5		-20		0
	124	10.25		-20		0
	125	13.25		-20		0
	126	16.5		-20		0
	127	20		-20		0

	128	-15		20		0
	129	-15		7.5		0
	130	-15		0		0
	131	-15		-7.5		0
	132	-15		-20		0

</NODES>

<ELEMENTS NUMBER=112>
	1	<Q>	  1  11  12   2		</Q>
	2	<Q>	  2  12  13   3		</Q>
	3	<Q>	  3  13  14   4		</Q>
	4	<Q>	  4  14  15   5		</Q>
	5	<Q>	  5  15  16   6		</Q>
	6	<Q>	  6  16  17   7		</Q>
	7	<Q>	  7  17  18   8		</Q>
	8	<Q>	  8  18  19   9		</Q>
	9	<Q>	  9  19  20  10		</Q>
	10	<Q>	 10  20  11   1		</Q>

	11	<Q>	 11  21  22  12		</Q>
	12	<Q>	 12  22  23  13		</Q>
	13	<Q>	 13  23  24  14		</Q>
	14	<Q>	 14  24  25  15		</Q>
	15	<Q>	 15  25  26  16		</Q>
	16	<Q>	 16  26  27  17		</Q>
	17	<Q>	 17  27  28  18		</Q>
	18	<Q>	 18  28  29  19		</Q>
	19	<Q>	 19  29  30  20		</Q>
	20	<Q>	 20  30  21  11		</Q>

	21	<Q>	 21  31  32  22		</Q>
	22	<Q>	 22  32  33  23		</Q>
	23	<Q>	 23  33  34  24		</Q>
	24	<Q>	 24  34  35  25		</Q>
	25 	<Q>	 25  35  36  26		</Q>
	26	<Q>	 26  36  37  27		</Q>
	27	<Q>	 27  37  38  28		</Q>
	28	<Q>	 28  38  39  29		</Q>
	29 	<Q>	 29  39  40  30		</Q>
	30	<Q>	 30  40  31  21		</Q>

	31	<Q>	 31  41  42  32		</Q>
	32	<Q>	 32  42  43  33		</Q>
	33	<Q>	 33  43  44  34		</Q>
	34	<Q>	 34  44  45  35		</Q>
	35	<Q>	 35  45  46  36		</Q>
	36	<Q>	 36  46  47  37		</Q>
	37	<Q>	 37  47  48  38		</Q>
	38	<Q>	 38  48  49  39 	</Q>
	39	<Q>	 39  49  50  40		</Q>
	40	<Q>	 40  50  41  31		</Q>

	41	<Q>	 41  51  52  42		</Q>
	42	<Q>	 42  52  53  43		</Q>
	43	<Q>	 43  53  54  44		</Q>
	44	<Q>	 44  54  55  45		</Q>
	45	<Q>	 45  55  56  46		</Q>
	46	<Q>	 46  56  57  47		</Q>
	47	<Q>	 47  57  58  48		</Q>
	48	<Q>	 48  58  59  49 	</Q>
	49	<Q>	 49  59  60  50		</Q>
	50	<Q>	 50  60  51  41		</Q>

	51	<Q>	 54  53  61  62		</Q>
	52	<Q>	 55  54  62  63		</Q>
	53	<Q>	 56  55  63  64		</Q>
	54	<Q>	 57  56  64  65		</Q>
	55	<Q>	 58  57  65  66		</Q>
	56	<Q>	 59  58  66  67		</Q>

	57	<Q>	 51  71  70  52		</Q>
	58	<Q>	 60  72  71  51		</Q>
	59	<Q>	 59  73  72  60		</Q>
	60	<Q>	 52  70  69  53		</Q>
	61	<Q>	 53  69  68  61		</Q>
	62	<Q>	 67  74  73  59		</Q>

	63	<Q>	 74  81  80  73		</Q>
	64	<Q>	 69  76  75  68		</Q>
	65	<Q>	 70  77  76  69		</Q>
	66	<Q>	 73  80  79  72		</Q>
	67	<Q>	 72  79  78  71		</Q>
	68	<Q>	 71  78  77  70		</Q>

	69	<Q>	 78  85  84  77		</Q>
	70	<Q>	 79  86  85  78		</Q>
	71	<Q>	 80  87  86  79		</Q>
	72	<Q>	 77  84  83  76		</Q>
	73	<Q>	 76  83  82  75		</Q>
	74	<Q>	 81  88  87  80		</Q>

	75	<Q>	 88  95  94  87		</Q>
	76	<Q>	 83  90  89  82		</Q>
	77	<Q>	 84  91  90  83		</Q>
	78	<Q>	 87  94  93  86		</Q>
	79	<Q>	 86  93  92  85		</Q>
	80	<Q>	 85  92  91  84		</Q>
	
	81	<Q>	 92  99  98  91		</Q>
	82	<Q>	 93 100  99  92		</Q>
	83	<Q>	 94 101 100  93		</Q>
	84	<Q>	 91  98  97  90		</Q>
	85	<Q>	 90  97  96  89		</Q>
	86	<Q>	 95 102 101  94		</Q>

	87	<Q>	102 109 108 101		</Q>
	88	<Q>	 97 104 103  96		</Q>
	89	<Q>	 98 105 104  97		</Q>
	90	<Q>	101 108 107 100		</Q>
	91	<Q>	100 107 106  99		</Q>
	92	<Q>	 99 106 105 98		</Q>

	93	<Q>	 63  62 111 110		</Q>
	94	<Q>	 62  61 112 111		</Q>
	95	<Q>	 61  68 113 112		</Q>
	96	<Q>	 68  75 114 113		</Q>
	97	<Q>	 75  82 115 114		</Q>
	98	<Q>	 82  89 116 115		</Q>
	99	<Q>	 89  96 117 116		</Q>
	100	<Q>	 96 103	118 117		</Q>
	
	101	<Q>	119 120  66  65		</Q>
	102	<Q>	120 121  67  66		</Q>
	103	<Q>	121 122  74  67		</Q>
	104	<Q>	122 123  81  74		</Q>
	105	<Q>	123 124  88  81		</Q>
	106	<Q>	124 125  95  88		</Q>
	107	<Q>	125 126 102  95		</Q>
	108	<Q>	126 127 109 102		</Q>

	109	<Q>	129  63 110 128		</Q>
	110	<Q>	130  64  63 129		</Q>
	111	<Q>	131  65  64 130		</Q>
	112	<Q>	132 119  65 131		</Q>
</ELEMENTS>

<SURFACES NUMBER=40>
	1	1	4	<B>	w	</B>
	2	2	4	<B>	w	</B>
	3	3	4	<B>	w	</B>
	4	4	4	<B>	w	</B>
	5 	5	4	<B>	w	</B>
	6	6	4	<B>	w	</B>
	7	7	4	<B>	w	</B>
	8	8	4	<B>	w	</B>
	9	9	4	<B>	w	</B>
	10	10	4	<B>	w	</B>
	
	11	100	3	<B>	v	</B>
	12	99	3	<B>	v	</B>
	13	98	3	<B>	v	</B>
	14	97	3	<B>	v	</B>
	15	96	3	<B>	v	</B>
	16	95	3	<B>	v	</B>
	17	94	3	<B>	v	</B>
	18	93	3	<B>	v	</B>

	19	109	3	<B>	v	</B>
	20	109 	4	<B>	v	</B>
	21	112	4	<B>	v	</B>
	22	112	1	<B>	v	</B>
	
	23	101	1	<B>	v	</B>
	24	102	1	<B>	v	</B>
	25	103	1	<B>	v	</B>
	26	104	1	<B>	v	</B>
	27	105	1	<B>	v	</B>
	28	106	1	<B>	v	</B>
	29	107	1	<B>	v	</B>
	30	108	1	<B>	v	</B>

	31	100	2	<B>	o	</B>
	32	88	2	<B>	o	</B>
	33	89	2	<B>	o	</B>
	34	92	2	<B>	o	</B>
	35	91	2	<B>	o	</B>
	36	90	2	<B>	o	</B>
	37	87	2	<B>	o	</B>
	38	108	2	<B>	o	</B>

	39	110	4	<B>	v	</B>
	40	111	4	<B>	v	</B>
</SURFACES>

<CURVES NUMBER=102>
	1	1	4	<ARC>	-0.5	</ARC>
	2	2	4	<ARC>	-0.5	</ARC>
	3	3	4	<ARC>	-0.5	</ARC>
	4	4	4	<ARC>	-0.5	</ARC>
	5	5	4	<ARC>	-0.5	</ARC>
	6	6	4	<ARC>	-0.5	</ARC>
	7	7	4	<ARC>	-0.5	</ARC>
	8	8	4	<ARC>	-0.5	</ARC>
	9	9	4	<ARC>	-0.5	</ARC>
	10	10	4	<ARC>	-0.5	</ARC>

	11	1	2	<ARC>	+0.6	</ARC>
	12	2	2	<ARC>	+0.6	</ARC>
	13	3	2	<ARC>	+0.6	</ARC>
	14	4	2	<ARC>	+0.6	</ARC>
	15	5	2	<ARC>	+0.6	</ARC>
	16	6	2	<ARC>	+0.6	</ARC>
	17	7	2	<ARC>	+0.6	</ARC>
	18	8	2  	<ARC>	+0.6	</ARC>
	19	9	2	<ARC>	+0.6	</ARC>
	20	10	2	<ARC>	+0.6	</ARC>

	21	11	4	<ARC>	-0.6	</ARC>
	22	12	4	<ARC>	-0.6	</ARC>
	23	13	4	<ARC>	-0.6	</ARC>
	24	14	4	<ARC>	-0.6	</ARC>
	25	15	4	<ARC>	-0.6	</ARC>
	26	16	4	<ARC>	-0.6	</ARC>
	27	17	4	<ARC>	-0.6	</ARC>
	28	18	4	<ARC>	-0.6	</ARC>
	29	19	4	<ARC>	-0.6	</ARC>
	30	20	4	<ARC>	-0.6	</ARC>

	31	11	2	<ARC>	+1.0	</ARC>
	32	12	2	<ARC>	+1.0	</ARC>
	33	13	2	<ARC>	+1.0	</ARC>
	34	14	2	<ARC>	+1.0	</ARC>
	35	15	2	<ARC>	+1.0	</ARC>
	36	16	2	<ARC>	+1.0	</ARC>
	37	17	2	<ARC>	+1.0	</ARC>
	38	18	2	<ARC>	+1.0	</ARC>
	39	19	2	<ARC>	+1.0	</ARC>
	40	20	2	<ARC>	+1.0	</ARC>

	41	21	4	<ARC>	-1.0	</ARC>
	42	22	4	<ARC>	-1.0	</ARC>
	43	23	4	<ARC>	-1.0	</ARC>
	44 	24	4	<ARC>	-1.0	</ARC>
	43	25	4	<ARC>	-1.0	</ARC>
	46	26	4	<ARC>	-1.0	</ARC>
	47	27	4	<ARC>	-1.0	</ARC>
	48	28	4	<ARC>	-1.0	</ARC>
	49	29	4	<ARC>	-1.0	</ARC>
	50	30	4	<ARC>	-1.0	</ARC>

	51	21	2	<ARC>	+1.7	</ARC>
	52	22	2	<ARC>	+1.7	</ARC>
	53	23 	2	<ARC>	+1.7	</ARC>
	54	24	2	<ARC>	+1.7	</ARC>
	55 	25	2	<ARC>	+1.7	</ARC>
	56	26 	2	<ARC>	+1.7	</ARC>
	57	27	2	<ARC>	+1.7	</ARC>
	58 	28	2	<ARC>	+1.7	</ARC>
	59	29	2	<ARC>	+1.7	</ARC>
	60	30	2	<ARC>	+1.7	</ARC>

	61	31	4	<ARC>	-1.7	</ARC>
	62	32	4	<ARC>	-1.7	</ARC>
	63	33	4	<ARC>	-1.7	</ARC>
	64 	34	4	<ARC>	-1.7	</ARC>
	65	35	4	<ARC>	-1.7	</ARC>
	66	36	4	<ARC>	-1.7	</ARC>
	67	37	4	<ARC>	-1.7	</ARC>
	68	38	4	<ARC>	-1.7	</ARC>
	69	39	4	<ARC>	-1.7	</ARC>
	70	40	4	<ARC>	-1.7	</ARC>

	71	31	2	<ARC>	+2.55	</ARC>
	72	32	2	<ARC>	+2.55	</ARC>
	73	33	2	<ARC>	+2.55	</ARC>
	74	34	2	<ARC>	+2.55	</ARC>
	75 	35	2	<ARC>	+2.55	</ARC>
	76	36	2	<ARC>	+2.55	</ARC>
	77	37	2	<ARC>	+2.55	</ARC>
	78 	38	2	<ARC>	+2.55	</ARC>
	79	39	2	<ARC>	+2.55	</ARC>
	80	40	2	<ARC>	+2.55	</ARC>

	81	41	4	<ARC>	-2.55	</ARC>
	82	42	4	<ARC>	-2.55	</ARC>
	83	43	4	<ARC>	-2.55	</ARC>
	84 	44	4	<ARC>	-2.55	</ARC>
	85	45	4	<ARC>	-2.55	</ARC>
	86	46	4	<ARC>	-2.55	</ARC>
	87	47	4	<ARC>	-2.55	</ARC>
	88	48	4	<ARC>	-2.55	</ARC>
	89	49	4	<ARC>	-2.55	</ARC>
	90	50	4	<ARC>	-2.55	</ARC>

	91	44	2	<ARC>	+4.0	</ARC>
	92	45	2	<ARC>	+4.0	</ARC>
	93	46	2	<ARC>	+4.0	</ARC>
	94	47	2	<ARC>	+4.0	</ARC>

	95	52	1	<ARC>	-4.0	</ARC>
	96	53	1	<ARC>	-4.0	</ARC>
	97	54	1	<ARC>	-4.0	</ARC>
	98	55	1	<ARC>	-4.0	</ARC>

	99 	51	1	<ARC>	-4.0	</ARC>
	100	43	2	<ARC>	+4.0	</ARC>
	101	56	1	<ARC>	-4.0	</ARC>
	102	48	2	<ARC>	+4.0	</ARC>	


</CURVES>
