# Output of:
# make_hugh_points.perl meter_points.dat > hugh-points.dat
# ----------------------------------------------------------------------
<FIELDS>
	u v p
</FIELDS>

<TOKENS>
	CYLINDRICAL = 1
	N_Z         = 1
	N_TIME      = 1
	N_P      = 9
	N_STEP      = 120000
	D_T         = 0.001
	Re          = 1000.0
	KINVIS      = 1/Re
	CHKPOINT    = 1
        AVERAGE     = 0
        ITERATIVE   = 0
	IO_FLD      = 1000
	FFX         = 150*KINVIS
</TOKENS>

<GROUPS NUMBER=2>
	1	w	wall
	2	a	axis
</GROUPS>

<HISTORY NUMBER=1>
	1	0.1	0.1	0
</HISTORY>

<BCS NUMBER=2
	1	w	3
			<D>	u = 0.0		</D>
			<D>	v = 0.0		</D>
			<H>	p = 0.0		</H>
	2	a	3
			<A>	u = 0		</A>
			<A>	v = 0		</A>
			<A>	p = 0		</A>
</BCS>

<NODES NUMBER=335>
  1    0.000    0.000  0
  2    0.000    0.350  0
  3    0.000    0.500  0
  4    0.500    0.000  0
  5    0.500    0.350  0
  6    0.500    0.500  0
  7    1.000    0.000  0
  8    1.000    0.350  0
  9    1.000    0.500  0
 10    1.500    0.000  0
 11    1.500    0.350  0
 12    1.500    0.500  0
 13    2.000    0.000  0
 14    2.000    0.350  0
 15    2.000    0.500  0

 16    2.430    0.000  0
 17    2.430    0.350  0
 18    2.430    0.500  0
 19    2.700    0.000  0
 20    2.700    0.350  0
 21    2.700    0.500  0

 22    2.900    0.000  0

 23    3.100    0.000  0
 24    3.150    0.200  0
 25    3.060    0.350  0
 26    3.060    0.500  0

 27    3.400    0.000  0
 28    3.400    0.200  0
 29    3.400    0.350  0
 30    3.400    0.500  0

 31    3.680    0.000  0
 32    3.660    0.200  0
 33    3.640    0.350  0
 34    3.630    0.500  0

 35    3.875    0.000  0
 36    4.009    0.000  0

 37    4.053    0.072  0
 38    3.950    0.188  0
 39    3.875    0.350  0
 40    3.837    0.500  0

 41    4.142    0.171  0
 42    4.088    0.287  0
 43    4.037    0.388  0
 44    3.966    0.500  0

 45    4.248    0.253  0
 46    4.200    0.325  0

 47    4.380    0.317  0
 48    4.263    0.450  0
 49    4.210    0.558  0

 50    4.474    0.353  0
 51    4.412    0.487  0
 52    4.361    0.594  0

 53    4.581    0.394  0
 54    4.550    0.512  0
 55    4.499    0.627  0

 56    4.813    0.485  0
 57    4.787    0.595  0
 58    4.750    0.687  0

 59    5.177    0.607  0
 60    5.138    0.680  0
 61    5.113    0.773  0

 62    5.530    0.713  0
 63    5.513    0.787  0
 64    5.487    0.863  0

 65    5.836    0.794  0
 66    5.812    0.863  0
 67    5.789    0.934  0

 68    6.051    0.843  0
 69    6.030    0.925  0
 70    6.019    0.989  0

 71    6.207    0.862  0
 72    6.207    0.950  0
 73    6.207    1.034  0

 74    6.553    0.862  0
 75    6.553    0.950  0
 76    6.553    1.034  0

 77    6.957    0.862  0
 78    6.975    0.940  0
 79    7.004    1.008  0

 80    7.248    0.772  0
 81    7.287    0.860  0
 82    7.338    0.913  0

 83    7.408    0.597  0
 84    7.495    0.650  0
 85    7.560    0.736  0

 86    7.464    0.449  0
 87    7.588    0.525  0
 88    7.665    0.617  0

 89    7.474    0.345  0
 90    7.595    0.360  0
 91    7.675    0.375  0
 92    7.725    0.455  0
 93    7.778    0.532  0

 94    7.474    0.200  0
 95    7.600    0.225  0
 96    7.763    0.263  0
 97    7.875    0.412  0
 98    7.924    0.500  0

 99    7.474    0.100  0
100    7.600    0.107  0
101    7.763    0.113  0

102    7.474    0.000  0
103    7.600    0.000  0
104    7.763    0.000  0

105    7.888    0.000  0
106    7.888    0.125  0
107    7.900    0.250  0
108    7.963    0.400  0
109    8.000    0.500  0

110    8.000    0.000  0
111    8.000    0.125  0
112    8.025    0.237  0
113    8.088    0.412  0
114    8.125    0.500  0

115    8.162    0.000  0
116    8.125    0.120  0

117    8.363    0.000  0
118    8.213    0.225  0
119    8.225    0.412  0
120    8.250    0.500  0

121    8.500    0.000  0
122    8.500    0.225  0
123    8.500    0.410  0
124    8.500    0.500  0

125    8.750    0.000  0
126    8.750    0.225  0
127    8.750    0.400  0
128    8.750    0.500  0

129    9.125    0.000  0
130    9.125    0.225  0
131    9.125    0.400  0
132    9.125    0.500  0

133    9.500    0.000  0
134    9.500    0.225  0
135    9.500    0.400  0
136    9.500    0.500  0

137    9.875    0.000  0
138    9.875    0.225  0
139    9.875    0.400  0
140    9.875    0.500  0

141   10.250    0.000  0
142   10.250    0.225  0
143   10.250    0.400  0
144   10.250    0.500  0

145   10.625    0.000  0
146   10.625    0.225  0
147   10.625    0.400  0
148   10.625    0.500  0

149   11.000    0.000  0
150   10.925    0.200  0

151   11.300    0.000  0
152   11.125    0.350  0
153   11.125    0.500  0

154   11.500    0.000  0
155   11.500    0.350  0
156   11.500    0.500  0

157   11.974    0.000  0
158   11.974    0.350  0
159   11.974    0.500  0
315   12.448    0.500  0
314   12.448    0.350  0
313   12.448    0.000  0
312   12.823    0.500  0
311   12.823    0.350  0
310   12.648    0.000  0
309   13.023    0.200  0
308   12.948    0.000  0
307   13.323    0.500  0
306   13.323    0.400  0
305   13.323    0.225  0
304   13.323    0.000  0
303   13.698    0.500  0
302   13.698    0.400  0
301   13.698    0.225  0
300   13.698    0.000  0
299   14.073    0.500  0
298   14.073    0.400  0
297   14.073    0.225  0
296   14.073    0.000  0
295   14.448    0.500  0
294   14.448    0.400  0
293   14.448    0.225  0
292   14.448    0.000  0
291   14.823    0.500  0
290   14.823    0.400  0
289   14.823    0.225  0
288   14.823    0.000  0
287   15.198    0.500  0
286   15.198    0.400  0
285   15.198    0.225  0
284   15.198    0.000  0
283   15.448    0.500  0
282   15.448    0.410  0
281   15.448    0.225  0
280   15.448    0.000  0
279   15.698    0.500  0
278   15.723    0.412  0
277   15.735    0.225  0
276   15.585    0.000  0
275   15.823    0.120  0
274   15.786    0.000  0
273   15.823    0.500  0
272   15.860    0.412  0
271   15.923    0.237  0
270   15.948    0.125  0
269   15.948    0.000  0
268   15.948    0.500  0
267   15.985    0.400  0
266   16.048    0.250  0
265   16.060    0.125  0
264   16.060    0.000  0
263   16.185    0.000  0
262   16.348    0.000  0
261   16.474    0.000  0
260   16.185    0.113  0
259   16.348    0.107  0
258   16.474    0.100  0
257   16.024    0.500  0
256   16.073    0.412  0
255   16.185    0.263  0
254   16.348    0.225  0
253   16.474    0.200  0
252   16.170    0.532  0
251   16.223    0.455  0
250   16.273    0.375  0
249   16.353    0.360  0
248   16.474    0.345  0
247   16.283    0.617  0
246   16.360    0.525  0
245   16.484    0.449  0
244   16.388    0.736  0
243   16.453    0.650  0
242   16.540    0.597  0
241   16.610    0.913  0
240   16.661    0.860  0
239   16.700    0.772  0
238   16.944    1.008  0
237   16.973    0.940  0
236   16.991    0.862  0
235   17.395    1.034  0
234   17.395    0.950  0
233   17.395    0.862  0
232   17.741    1.034  0
231   17.741    0.950  0
230   17.741    0.862  0
229   17.929    0.989  0
228   17.918    0.925  0
227   17.897    0.843  0
226   18.159    0.934  0
225   18.136    0.863  0
224   18.112    0.794  0
223   18.461    0.863  0
222   18.435    0.787  0
221   18.418    0.713  0
220   18.835    0.773  0
219   18.810    0.680  0
218   18.771    0.607  0
217   19.198    0.687  0
216   19.161    0.595  0
215   19.135    0.485  0
214   19.449    0.627  0
213   19.398    0.512  0
212   19.367    0.394  0
211   19.587    0.594  0
210   19.536    0.487  0
209   19.474    0.353  0
208   19.738    0.558  0
207   19.685    0.450  0
206   19.568    0.317  0
205   19.748    0.325  0
204   19.700    0.253  0
203   19.982    0.500  0
202   19.911    0.388  0
201   19.860    0.287  0
200   19.806    0.171  0
199   20.111    0.500  0
198   20.073    0.350  0
197   19.998    0.188  0
196   19.895    0.072  0
195   19.939    0.000  0
194   20.073    0.000  0
193   20.318    0.500  0
192   20.308    0.350  0
191   20.288    0.200  0
190   20.268    0.000  0
189   20.548    0.500  0
188   20.548    0.350  0
187   20.548    0.200  0
186   20.548    0.000  0
185   20.888    0.500  0
184   20.888    0.350  0
183   20.798    0.200  0
182   20.848    0.000  0
181   21.048    0.000  0
180   21.248    0.500  0
179   21.248    0.350  0
178   21.248    0.000  0
177   21.518    0.500  0
176   21.518    0.350  0
175   21.518    0.000  0
174   21.948    0.500  0
173   21.948    0.350  0
172   21.948    0.000  0
171   22.448    0.500  0
170   22.448    0.350  0
169   22.448    0.000  0
168   22.948    0.500  0
167   22.948    0.350  0
166   22.948    0.000  0
165   23.448    0.500  0
164   23.448    0.350  0
163   23.448    0.000  0
162   23.948    0.500  0
161   23.948    0.350  0
160   23.948    0.000  0

316	11.075	0.000	0
317	11.075	0.225	0
318	11.075	0.400	0
319	11.075	0.500	0

320	11.525	0.000	0
321	11.525	0.225	0
322	11.525	0.400	0
323	11.525	0.500	0

324	11.974	0.000	0
325	11.974	0.225	0
326	11.974	0.400	0
327	11.974	0.500	0

328	12.423	0.000	0
329	12.423	0.225	0
330	12.423	0.400	0
331	12.423	0.500	0

332	12.873	0.000	0
333	12.873	0.225	0
334	12.873	0.400	0
335	12.873	0.500	0

</NODES>

<ELEMENTS NUMBER=224>
    1	<Q>	1	4	5	2	</Q>
    2	<Q>	2	5	6	3	</Q>
    3	<Q>	4	7	8	5	</Q>
    4	<Q>	5	8	9	6	</Q>
    5	<Q>	7	10	11	8	</Q>
    6	<Q>	8	11	12	9	</Q>
    7	<Q>	10	13	14	11	</Q>
    8	<Q>	11	14	15	12	</Q>
    9	<Q>	13	16	17	14	</Q>
   10	<Q>	14	17	18	15	</Q>
   11	<Q>	16	19	20	17	</Q>
   12	<Q>	17	20	21	18	</Q>
   13	<Q>	19	22	25	20	</Q>
   14	<Q>	20	25	26	21	</Q>
   15	<Q>	22	23	24	25	</Q>

   16	<Q>	23	27	28	24	</Q>
   17	<Q>	24	28	29	25	</Q>
   18	<Q>	25	29	30	26	</Q>

   19	<Q>	27	31	32	28	</Q>
   20	<Q>	28	32	33	29	</Q>
   21	<Q>	29	33	34	30	</Q>

   22	<Q>	31	35	38	32	</Q>
   23	<Q>	32	38	39	33	</Q>
   24	<Q>	33	39	40	34	</Q>

   25	<Q>	35	36	37	38	</Q>
   26	<Q>	37	41	42	38	</Q>
   27	<Q>	38	42	43	39	</Q>
   28	<Q>	39	43	44	40	</Q>

   29	<Q>	41	45	46	42	</Q>
   30	<Q>	42	46	48	43	</Q>
   31	<Q>	43	48	49	44	</Q>

   32	<Q>	45	47	48	46	</Q>
   33	<Q>	47	50	51	48	</Q>
   34	<Q>	48	51	52	49	</Q>

   35	<Q>	50	53	54	51	</Q>
   36	<Q>	51	54	55	52	</Q>

   37	<Q>	53	56	57	54	</Q>
   38	<Q>	54	57	58	55	</Q>

   39	<Q>	56	59	60	57	</Q>
   40	<Q>	57	60	61	58	</Q>

   41	<Q>	59	62	63	60	</Q>
   42	<Q>	60	63	64	61	</Q>

 43	<Q>	62	65	66	63	</Q>
 44	<Q>	63	66	67	64	</Q>

 45	<Q>	65	68	69	66	</Q>
 46	<Q>	66	69	70	67	</Q>

 47	<Q>	68	71	72	69	</Q>
 48	<Q>	69	72	73	70	</Q>

 49	<Q>	71	74	75	72	</Q>
 50	<Q>	72	75	76	73	</Q>

 51	<Q>	74	77	78	75	</Q>
 52	<Q>	75	78	79	76	</Q>

 53	<Q>	77	80	81	78	</Q>
 54	<Q>	78	81	82	79	</Q>

 55	<Q>	80	83	84	81	</Q>
 56	<Q>	81	84	85	82	</Q>

 57	<Q>	83	86	87	84	</Q>
 58	<Q>	84	87	88	85	</Q>

 59	<Q>	86	89	90	87	</Q>
 60	<Q>	87	90	91	92	</Q>
 61	<Q>	87	92	93	88	</Q>

 62	<Q>	89	94	95	90	</Q>
 63	<Q>	90	95	96	91	</Q>
 64	<Q>	91	96	97	92	</Q>
 65	<Q>	92	97	98	93	</Q>

 66	<Q>	102	103	100	99	</Q>
 67	<Q>	99	100	95	94	</Q>
 68	<Q>	103	104	101	100	</Q>
 69	<Q>	100	101	96	95 	</Q>

 70	<Q>	104	105	106	101	</Q>
 71	<Q>	101	106	107	96	</Q>
 72	<Q>	96 	107	108	97	</Q>
 73	<Q>	97 	108	109	98	</Q>

 74	<Q>	105	110	111	106	</Q>
 75	<Q>	106	111	112	107	</Q>
 76	<Q>	107	112	113	108	</Q>
 77	<Q>	108	113	114	109	</Q>

 78	<Q>	110	115	116	111	</Q>
 79	<Q>	111	116	118	112	</Q>
 80	<Q>	112	118	119	113	</Q>
 81	<Q>	113	119	120	114	</Q>

 82	<Q>	115	117	118	116	</Q>

 83	<Q>	117	121	122	118	</Q>
 84	<Q>	118	122	123	119	</Q>
 85	<Q>	119	123	124	120	</Q>

 86	<Q>	121	125	126	122	</Q>
 87	<Q>	122	126	127	123	</Q>
 88	<Q>	123	127	128	124	</Q>

 89	<Q>	125	129	130	126	</Q>
 90	<Q>	126	130	131	127	</Q>
 91	<Q>	127	131	132	128	</Q>

 92	<Q>	129	133	134	130	</Q>
 93	<Q>	130	134	135	131	</Q>
 94	<Q>	131	135	136	132	</Q>

 95	<Q>	133	137	138	134	</Q>
 96	<Q>	134	138	139	135	</Q>
 97	<Q>	135	139	140	136	</Q>

 98	<Q>	137	141	142	138	</Q>
 99	<Q>	138	142	143	139	</Q>
100	<Q>	139	143	144	140	</Q>

101	<Q>	141	145	146	142	</Q>
102	<Q>	142	146	147	143	</Q>
103	<Q>	143	147	148	144	</Q>

104	<Q>	145	316	317	146	</Q>
105	<Q>	146	317	318	147	</Q>
106	<Q>	147	318	319	148	</Q>

107	<Q>	316	320	321	317	</Q>

108	<Q>	317	321	322	318	</Q>
109	<Q>	318	322	323	319	</Q>

110	<Q>	320	324	325	321	</Q>
111	<Q>	321	325	326	322	</Q>
  222   <Q> 	325 	329 	330 	326 	</Q>
  221   <Q> 	324 	328 	329 	325 	</Q>
  220   <Q> 	330 	334 	335 	331 	</Q>
  219   <Q> 	329 	333 	334 	330 	</Q>
  218   <Q> 	328 	332 	333 	329 	</Q>
  217   <Q> 	334 	306 	307 	335 	</Q>
  216   <Q> 	333 	305 	306 	334 	</Q>
  215   <Q> 	332 	304 	305 	333 	</Q>
  214   <Q> 	306 	302 	303 	307 	</Q>
  213   <Q> 	305 	301 	302 	306 	</Q>
  212   <Q> 	304 	300 	301 	305 	</Q>
  211   <Q> 	302 	298 	299 	303 	</Q>
  210   <Q> 	301 	297 	298 	302 	</Q>
  209   <Q> 	300 	296 	297 	301 	</Q>
  208   <Q> 	298 	294 	295 	299 	</Q>
  207   <Q> 	297 	293 	294 	298 	</Q>
  206   <Q> 	296 	292 	293 	297 	</Q>
  205   <Q> 	294 	290 	291 	295 	</Q>
  204   <Q> 	293 	289 	290 	294 	</Q>
  203   <Q> 	292 	288 	289 	293 	</Q>
  202   <Q> 	290 	286 	287 	291 	</Q>
  201   <Q> 	289 	285 	286 	290 	</Q>
  200   <Q> 	288 	284 	285 	289 	</Q>
  199   <Q> 	286 	282 	283 	287 	</Q>
  198   <Q> 	285 	281 	282 	286 	</Q>
  197   <Q> 	284 	280 	281 	285 	</Q>
  196   <Q> 	282 	278 	279 	283 	</Q>
  195   <Q> 	281 	277 	278 	282 	</Q>
  194   <Q> 	280 	276 	277 	281 	</Q>
  193   <Q> 	276 	274 	275 	277 	</Q>
  192   <Q> 	278 	272 	273 	279 	</Q>
  191   <Q> 	277 	271 	272 	278 	</Q>
  190   <Q> 	275 	270 	271 	277 	</Q>
  189   <Q> 	274 	269 	270 	275 	</Q>
  188   <Q> 	272 	267 	268 	273 	</Q>
  187   <Q> 	271 	266 	267 	272 	</Q>
  186   <Q> 	270 	265 	266 	271 	</Q>
  185   <Q> 	269 	264 	265 	270 	</Q>
  184   <Q> 	267 	256 	257 	268 	</Q>
  183   <Q> 	266 	255 	256 	267 	</Q>
  182   <Q> 	265 	260 	255 	266 	</Q>
  181   <Q> 	264 	263 	260 	265 	</Q>
  180   <Q> 	260 	259 	254 	255 	</Q>
  179   <Q> 	263 	262 	259 	260 	</Q>
  178   <Q> 	259 	258 	253 	254 	</Q>
  177   <Q> 	262 	261 	258 	259 	</Q>
  176   <Q> 	256 	251 	252 	257 	</Q>
  175   <Q> 	255 	250 	251 	256 	</Q>
  174   <Q> 	254 	249 	250 	255 	</Q>
  173   <Q> 	253 	248 	249 	254 	</Q>
  172   <Q> 	251 	246 	247 	252 	</Q>
  171   <Q> 	249 	246 	251 	250 	</Q>
  170   <Q> 	248 	245 	246 	249 	</Q>
  169   <Q> 	246 	243 	244 	247 	</Q>
  168   <Q> 	245 	242 	243 	246 	</Q>
  167   <Q> 	243 	240 	241 	244 	</Q>
  166   <Q> 	242 	239 	240 	243 	</Q>
  165   <Q> 	240 	237 	238 	241 	</Q>
  164   <Q> 	239 	236 	237 	240 	</Q>
  163   <Q> 	237 	234 	235 	238 	</Q>
  162   <Q> 	236 	233 	234 	237 	</Q>
  161   <Q> 	234 	231 	232 	235 	</Q>
  160   <Q> 	233 	230 	231 	234 	</Q>
  159   <Q> 	231 	228 	229 	232 	</Q>
  158   <Q> 	230 	227 	228 	231 	</Q>
  157   <Q> 	228 	225 	226 	229 	</Q>
  156   <Q> 	227 	224 	225 	228 	</Q>
  155   <Q> 	225 	222 	223 	226 	</Q>
  154   <Q> 	224 	221 	222 	225 	</Q>
  153   <Q> 	222 	219 	220 	223 	</Q>
  152   <Q> 	221 	218 	219 	222 	</Q>
  151   <Q> 	219 	216 	217 	220 	</Q>
  150   <Q> 	218 	215 	216 	219 	</Q>
  149   <Q> 	216 	213 	214 	217 	</Q>
  148   <Q> 	215 	212 	213 	216 	</Q>
  147   <Q> 	213 	210 	211 	214 	</Q>
  146   <Q> 	212 	209 	210 	213 	</Q>
  145   <Q> 	210 	207 	208 	211 	</Q>
  144   <Q> 	209 	206 	207 	210 	</Q>
  143   <Q> 	206 	204 	205 	207 	</Q>
  142   <Q> 	207 	202 	203 	208 	</Q>
  141   <Q> 	205 	201 	202 	207 	</Q>
  140   <Q> 	204 	200 	201 	205 	</Q>
  139   <Q> 	202 	198 	199 	203 	</Q>
  138   <Q> 	201 	197 	198 	202 	</Q>
  137   <Q> 	200 	196 	197 	201 	</Q>
  136   <Q> 	195 	194 	197 	196 	</Q>
  135   <Q> 	198 	192 	193 	199 	</Q>
  134   <Q> 	197 	191 	192 	198 	</Q>
  133   <Q> 	194 	190 	191 	197 	</Q>
  132   <Q> 	192 	188 	189 	193 	</Q>
  131   <Q> 	191 	187 	188 	192 	</Q>
  130   <Q> 	190 	186 	187 	191 	</Q>
  129   <Q> 	188 	184 	185 	189 	</Q>
  128   <Q> 	187 	183 	184 	188 	</Q>
  127   <Q> 	186 	182 	183 	187 	</Q>
  126   <Q> 	182 	181 	184 	183 	</Q>
  125   <Q> 	184 	179 	180 	185 	</Q>
  124   <Q> 	181 	178 	179 	184 	</Q>
  123   <Q> 	179 	176 	177 	180 	</Q>
  122   <Q> 	178 	175 	176 	179 	</Q>
  121   <Q> 	176 	173 	174 	177 	</Q>
  120   <Q> 	175 	172 	173 	176 	</Q>
  119   <Q> 	173 	170 	171 	174 	</Q>
  118   <Q> 	172 	169 	170 	173 	</Q>
  117   <Q> 	170 	167 	168 	171 	</Q>
  116   <Q> 	169 	166 	167 	170 	</Q>
  115   <Q> 	167 	164 	165 	168 	</Q>
  114   <Q> 	166 	163 	164 	167 	</Q>
  113   <Q> 	164 	161 	162 	165 	</Q>
  112   <Q> 	163 	160 	161 	164 	</Q>

  223	<Q>	326	330	331	327	</Q>
  224	<Q>	322	326	327	323	</Q>
</ELEMENTS>

<SURFACES NUMBER=180>
  1	1	1	<B>	a	</B>
  2	1	4	<P>	112	2	</P>
  3	2	3	<B>	w	</B>
  4	2	4	<P>	113	2	</P>
  5	3	1	<B>	a	</B>
  6	4	3	<B>	w	</B>
  7	5	1	<B>	a	</B>
  8	6	3	<B>	w	</B>
  9	7	1	<B>	a	</B>
 10	8	3	<B>	w	</B>
 11	9	1	<B>	a	</B>
 12	10	3	<B>	w	</B>
 13	11	1	<B>	a	</B>
 14	12	3	<B>	w	</B>
 15	13	1	<B>	a	</B>
 16	14	3	<B>	w	</B>
 17	15	1	<B>	a	</B>

 18	16	1	<B>	a	</B>
 19	18	3	<B>	w	</B>
 20	19	1	<B>	a	</B>
 21	21	3	<B>	w	</B>
 22	22	1	<B>	a	</B>
 23	24	3	<B>	w	</B>

 24	25	1	<B>	a	</B>
 25	25	2	<B>	w	</B>
 26	26	1	<B>	w	</B>
 27	28	3	<B>	w	</B>
 28	29	1	<B>	w	</B>
 29	31	3	<B>	w	</B>
 30	32	1	<B>	w	</B>
 31	33	1	<B>	w	</B>
 32	34	3	<B>	w	</B>

 33	35	1	<B>	w	</B>
 34	36	3	<B>	w	</B>

 35	37	1	<B>	w	</B>
 36	38	3	<B>	w	</B>

 37	39	1	<B>	w	</B>
 38	40	3	<B>	w	</B>

 39	41	1	<B>	w	</B>
 40	42	3	<B>	w	</B>

 41	43	1	<B>	w	</B>
 42	44	3	<B>	w	</B>

 43	45	1	<B>	w	</B>
 44	46	3	<B>	w	</B>

 45	47	1	<B>	w	</B>
 46	48	3	<B>	w	</B>

 47	49	1	<B>	w	</B>
 48	50	3	<B>	w	</B>

 49	 51	1	<B>	w	</B>
 50	 52	3	<B>	w	</B>

 51	 53	1	<B>	w	</B>
 52	 54	3	<B>	w	</B>

 53	 55	1	<B>	w	</B>
 54	 56	3	<B>	w	</B>

 55	 57	1	<B>	w	</B>
 56	 58	3	<B>	w	</B>

 57	 59	1	<B>	w	</B>
 58	 61	3	<B>	w	</B>

 59	 62	1	<B>	w	</B>
 60	 65	3	<B>	w	</B>

 61	 66	1	<B>	a	</B>
 62	 66	4	<B>	w	</B>
 63	 67	4	<B>	w	</B>

 64	 68	1	<B>	a	</B>

 65	 70	1	<B>	a	</B>
 66	 73	3	<B>	w	</B>

 67	 74	1	<B>	a	</B>
 68	 77	3	<B>	w	</B>

 69	 78	1	<B>	a	</B>
 70	 81	3	<B>	w	</B>

 71	 82	1	<B>	a	</B>

 72	 83	1	<B>	a	</B>
 73	 85	3	<B>	w	</B>

 74	 86	1	<B>	a	</B>
 75	 88	3	<B>	w	</B>

 76	 89	1	<B>	a	</B>
 77	 91	3	<B>	w	</B>

 78	 92	1	<B>	a	</B>
 79	 94	3	<B>	w	</B>

 80	 95	1	<B>	a	</B>
 81	 97	3	<B>	w	</B>

 82	 98	1	<B>	a	</B>
 83	100	3	<B>	w	</B>

 84	101	1	<B>	a	</B>
 85	103	3	<B>	w	</B>

 86	104	1	<B>	a	</B>
 87	106	3	<B>	w	</B>

 88	107	1	<B>	a	</B>
 89	109	3	<B>	w	</B>

 90	110	1	<B>	a	</B>
 91	224	3	<B>	w	</B>

180 	221 	 1 	<B> 	a 	</B>
179 	223	 3 	<B> 	w 	</B>

178 	218	 1 	<B> 	a 	</B>
177 	220	 3	<B> 	w	</B>

176 	215 	 1	<B> 	a	</B>
175 	217	 3	<B> 	w	</B>

174 	214 	 3 	<B> 	w 	</B>
173 	212 	 1 	<B> 	a 	</B>
172 	211 	 3 	<B> 	w 	</B>
171 	209 	 1 	<B> 	a 	</B>
170 	208 	 3 	<B> 	w 	</B>
169 	206 	 1 	<B> 	a 	</B>
168 	205 	 3 	<B> 	w 	</B>
167 	203 	 1 	<B> 	a 	</B>
166 	202 	 3 	<B> 	w 	</B>
165 	200 	 1 	<B> 	a 	</B>
164 	199 	 3 	<B> 	w 	</B>
163 	197 	 1 	<B> 	a 	</B>
162 	196 	 3 	<B> 	w 	</B>
161 	194 	 1 	<B> 	a 	</B>
160 	193 	 1 	<B> 	a 	</B>
159 	192 	 3 	<B> 	w 	</B>
158 	189 	 1 	<B> 	a 	</B>
157 	188 	 3 	<B> 	w 	</B>
156 	185 	 1 	<B> 	a 	</B>
155 	184 	 3 	<B> 	w 	</B>
154 	181 	 1 	<B> 	a 	</B>
153 	179 	 1 	<B> 	a 	</B>
152 	178 	 2 	<B> 	w 	</B>
151 	177 	 2 	<B> 	w 	</B>
150 	177 	 1 	<B> 	a 	</B>
149 	176 	 3 	<B> 	w 	</B>
148 	173 	 1 	<B> 	w 	</B>
147 	172 	 3 	<B> 	w 	</B>
146 	170 	 1 	<B> 	w 	</B>
145 	169 	 3 	<B> 	w 	</B>
144 	168 	 1 	<B> 	w 	</B>
143 	167 	 3 	<B> 	w 	</B>
142 	166 	 1 	<B> 	w 	</B>
141 	165 	 3 	<B> 	w 	</B>
140 	164 	 1 	<B> 	w 	</B>
139 	163 	 3 	<B> 	w 	</B>
138 	162 	 1 	<B> 	w 	</B>
137 	161 	 3 	<B> 	w 	</B>
136 	160 	 1 	<B> 	w 	</B>
135 	159 	 3 	<B> 	w 	</B>
134 	158 	 1 	<B> 	w 	</B>
133 	157 	 3 	<B> 	w 	</B>
132 	156 	 1 	<B> 	w 	</B>
131 	155 	 3 	<B> 	w 	</B>
130 	154 	 1 	<B> 	w 	</B>
129 	153 	 3 	<B> 	w 	</B>
128 	152 	 1 	<B> 	w 	</B>
127 	151 	 3 	<B> 	w 	</B>
126 	150 	 1 	<B> 	w 	</B>
125 	149 	 3 	<B> 	w 	</B>
124 	148 	 1 	<B> 	w 	</B>
123 	147 	 3 	<B> 	w 	</B>
122 	146 	 1 	<B> 	w 	</B>
121 	145 	 3 	<B> 	w 	</B>
120 	144 	 1 	<B> 	w 	</B>
119 	143 	 1 	<B> 	w 	</B>
118 	142 	 3 	<B> 	w 	</B>
117 	140 	 1 	<B> 	w 	</B>
116 	139 	 3 	<B> 	w 	</B>
115 	137 	 1 	<B> 	w 	</B>
114 	136 	 4 	<B> 	w 	</B>
113 	136 	 1 	<B> 	a 	</B>
112 	135 	 3 	<B> 	w 	</B>
111 	133 	 1 	<B> 	a 	</B>
110 	132 	 3 	<B> 	w 	</B>
109 	130 	 1 	<B> 	a 	</B>
108 	129 	 3 	<B> 	w 	</B>
107 	127 	 1 	<B> 	a 	</B>
106 	126 	 1 	<B> 	a 	</B>
105 	125 	 3 	<B> 	w 	</B>
104 	124 	 1 	<B> 	a 	</B>
103 	123 	 3 	<B> 	w 	</B>
102 	122 	 1 	<B> 	a 	</B>
101 	121 	 3 	<B> 	w 	</B>
100 	120 	 1 	<B> 	a 	</B>
 99 	119 	 3 	<B> 	w 	</B>
 98	118 	 1 	<B> 	a 	</B>
 97 	117 	 3 	<B> 	w 	</B>
 96 	116 	 1 	<B> 	a 	</B>
 95 	115 	 3 	<B> 	w 	</B>
 94 	114 	 1 	<B> 	a 	</B>
 93 	113 	 3 	<B> 	w 	</B>
 92 	112 	 1 	<B> 	a 	</B>
</SURFACES>

<CURVES NUMBER=32>
 1	25	2	<ARC>	-0.733	</ARC>
 2	26	1	<ARC>	-0.733	</ARC>
 3	29	1	<ARC>	-0.733	</ARC>
 4	32	1	<ARC>	-0.733	</ARC>
 5	37	1	<ARC>	-10.78	</ARC>
 6	39	1	<ARC>	-10.78	</ARC>
 7	41	1	<ARC>	-10.78	</ARC>
 8	43	1	<ARC>	-10.78	</ARC>
 9	47	1	<ARC>	-0.647	</ARC>
10	53	1	<ARC>	-0.517	</ARC>
11	55	1	<ARC>	-0.517	</ARC>
12	57	1	<ARC>	-0.517	</ARC>
13	59	1	<ARC>	-0.517	</ARC>
14	54	3	<ARC>	0.803	</ARC>
15	56	3	<ARC>	0.803	</ARC>
16	61	3	<ARC>	-0.345	</ARC>
 32 	172 	 3 	<ARC> 	-0.345 	</ARC>
 31 	167 	 3 	<ARC> 	0.803 	</ARC>
 30 	165 	 3 	<ARC> 	0.803 	</ARC>
 29 	170 	 1 	<ARC> 	-0.517 	</ARC>
 28 	168 	 1 	<ARC> 	-0.517 	</ARC>
 27 	166 	 1 	<ARC> 	-0.517 	</ARC>
 26 	164 	 1 	<ARC> 	-0.517 	</ARC>
 25 	158 	 1 	<ARC> 	-0.647 	</ARC>
 24 	154 	 1 	<ARC> 	-10.78 	</ARC>
 23 	152 	 1 	<ARC> 	-10.78 	</ARC>
 22 	150 	 1 	<ARC> 	-10.78 	</ARC>
 21 	148 	 1 	<ARC> 	-10.78 	</ARC>
 20 	143 	 1 	<ARC> 	-0.733 	</ARC>
 19 	140 	 1 	<ARC> 	-0.733 	</ARC>
 18 	137 	 1 	<ARC> 	-0.733 	</ARC>
 17 	136 	 2 	<ARC> 	-0.733 	</ARC>
</CURVES>
