<FIELDS>
        u       v       p
</FIELDS>

<TOKENS>
        KINVIS      = 1/100
        D_T         = 0.01
        N_STEP      = 1000
        N_P         = 7
        IO_FLD      = 100
        CHKPOINT    = 1
</TOKENS>

<GROUPS NUMBER=4>
        1       w       wall
        2       v       velocity
        3       o       exit
        4       a       axis
</GROUPS>

<BCS NUMBER=4>
        1       w       3
                        <D>     u = 0.0 </D>
                        <D>     v = 0.0 </D>
                        <H>     p = 0.0 </H>
        2       v       3
                        <D> u = 2(1-4*y*y) </D>
                        <D>     v = 0.0 </D>
                        <H>     p = 0.0 </H>
        3       o       3
                        <N>     u = 0.0 </N>
                        <N>     v = 0.0 </N>
                        <D>     p = 0.0 </D>
        4       a       3
                        <A>     u = 0.0 </A>
                        <A>     v = 0.0 </A>
                        <A>     p = 0.0 </A>
</BCS>

<NODES NUMBER=748>
 1 0.000000 0.000000 0.000000 
 2 1.500000 0.000000 0.000000 
 3 1.500000 0.100000 0.000000 
 4 0.000000 0.100000 0.000000 
 5 3.000000 0.000000 0.000000 
 6 3.000000 0.100000 0.000000 
 7 1.500000 0.200000 0.000000 
 8 0.000000 0.200000 0.000000 
 9 3.000000 0.200000 0.000000 
 10 1.500000 0.300000 0.000000 
 11 0.000000 0.300000 0.000000 
 12 3.000000 0.300000 0.000000 
 13 1.500000 0.400000 0.000000 
 14 0.000000 0.400000 0.000000 
 15 3.000000 0.400000 0.000000 
 16 1.500000 0.500000 0.000000 
 17 0.000000 0.500000 0.000000 
 18 3.000000 0.500000 0.000000 
 19 4.000000 0.000000 0.000000 
 20 4.000000 0.100000 0.000000 
 21 4.000000 0.200000 0.000000 
 22 4.000000 0.300000 0.000000 
 23 4.000000 0.400000 0.000000 
 24 4.000000 0.450000 0.000000 
 25 3.500000 0.450000 0.000000 
 26 3.500000 0.475000 0.000000 
 27 4.000000 0.475000 0.000000 
 28 4.000000 0.500000 0.000000 
 29 4.250000 0.000000 0.000000 
 30 4.250000 0.092678 0.000000 
 31 4.500000 0.000000 0.000000 
 32 4.500000 0.075000 0.000000 
 33 4.700000 0.000000 0.000000 
 34 4.700000 0.060305 0.000000 
 35 4.900000 0.000000 0.000000 
 36 4.900000 0.051224 0.000000 
 37 5.100000 0.000000 0.000000 
 38 5.100000 0.051224 0.000000 
 39 5.250000 0.000000 0.000000 
 40 5.250000 0.057322 0.000000 
 41 5.400000 0.000000 0.000000 
 42 5.400000 0.067275 0.000000 
 43 5.550000 0.000000 0.000000 
 44 5.550000 0.078911 0.000000 
 45 5.700000 0.000000 0.000000 
 46 5.700000 0.089695 0.000000 
 47 5.850000 0.000000 0.000000 
 48 5.850000 0.097275 0.000000 
 49 6.000000 0.000000 0.000000 
 50 6.000000 0.100000 0.000000 
 51 6.150000 0.000000 0.000000 
 52 6.150000 0.100000 0.000000 
 53 6.300000 0.000000 0.000000 
 54 6.300000 0.100000 0.000000 
 55 6.450000 0.000000 0.000000 
 56 6.450000 0.100000 0.000000 
 57 6.600000 0.000000 0.000000 
 58 6.600000 0.100000 0.000000 
 59 6.750000 0.000000 0.000000 
 60 6.750000 0.100000 0.000000 
 61 6.900000 0.000000 0.000000 
 62 6.900000 0.100000 0.000000 
 63 7.050000 0.000000 0.000000 
 64 7.050000 0.100000 0.000000 
 65 7.250000 0.000000 0.000000 
 66 7.250000 0.100000 0.000000 
 67 7.500000 0.000000 0.000000 
 68 7.500000 0.100000 0.000000 
 69 7.750000 0.000000 0.000000 
 70 7.750000 0.100000 0.000000 
 71 8.000000 0.000000 0.000000 
 72 8.000000 0.100000 0.000000 
 73 8.250000 0.000000 0.000000 
 74 8.250000 0.100000 0.000000 
 75 8.500000 0.000000 0.000000 
 76 8.500000 0.100000 0.000000 
 77 8.750000 0.000000 0.000000 
 78 8.750000 0.100000 0.000000 
 79 9.000000 0.000000 0.000000 
 80 9.000000 0.100000 0.000000 
 81 9.250000 0.000000 0.000000 
 82 9.250000 0.100000 0.000000 
 83 9.500000 0.000000 0.000000 
 84 9.500000 0.100000 0.000000 
 85 9.750000 0.000000 0.000000 
 86 9.750000 0.100000 0.000000 
 87 10.000000 0.000000 0.000000 
 88 10.000000 0.100000 0.000000 
 89 10.250000 0.000000 0.000000 
 90 10.250000 0.100000 0.000000 
 91 10.500000 0.000000 0.000000 
 92 10.500000 0.100000 0.000000 
 93 10.750000 0.000000 0.000000 
 94 10.750000 0.100000 0.000000 
 95 11.000000 0.000000 0.000000 
 96 11.000000 0.100000 0.000000 
 97 11.250000 0.000000 0.000000 
 98 11.250000 0.100000 0.000000 
 99 11.500000 0.000000 0.000000 
 100 11.500000 0.100000 0.000000 
 101 11.750000 0.000000 0.000000 
 102 11.750000 0.100000 0.000000 
 103 12.000000 0.000000 0.000000 
 104 12.000000 0.100000 0.000000 
 105 12.250000 0.000000 0.000000 
 106 12.250000 0.100000 0.000000 
 107 12.500000 0.000000 0.000000 
 108 12.500000 0.100000 0.000000 
 109 12.750000 0.000000 0.000000 
 110 12.750000 0.100000 0.000000 
 111 13.000000 0.000000 0.000000 
 112 13.000000 0.100000 0.000000 
 113 13.250000 0.000000 0.000000 
 114 13.250000 0.100000 0.000000 
 115 13.500000 0.000000 0.000000 
 116 13.500000 0.100000 0.000000 
 117 13.750000 0.000000 0.000000 
 118 13.750000 0.100000 0.000000 
 119 14.000000 0.000000 0.000000 
 120 14.000000 0.100000 0.000000 
 121 14.250000 0.000000 0.000000 
 122 14.250000 0.100000 0.000000 
 123 14.500000 0.000000 0.000000 
 124 14.500000 0.100000 0.000000 
 125 14.750000 0.000000 0.000000 
 126 14.750000 0.100000 0.000000 
 127 15.000000 0.000000 0.000000 
 128 15.000000 0.100000 0.000000 
 129 15.250000 0.000000 0.000000 
 130 15.250000 0.100000 0.000000 
 131 15.500000 0.000000 0.000000 
 132 15.500000 0.100000 0.000000 
 133 15.750000 0.000000 0.000000 
 134 15.750000 0.100000 0.000000 
 135 16.000000 0.000000 0.000000 
 136 16.000000 0.100000 0.000000 
 137 16.250000 0.000000 0.000000 
 138 16.250000 0.100000 0.000000 
 139 16.500000 0.000000 0.000000 
 140 16.500000 0.100000 0.000000 
 141 16.750000 0.000000 0.000000 
 142 16.750000 0.100000 0.000000 
 143 17.000000 0.000000 0.000000 
 144 17.000000 0.100000 0.000000 
 145 17.250000 0.000000 0.000000 
 146 17.250000 0.100000 0.000000 
 147 17.500000 0.000000 0.000000 
 148 17.500000 0.100000 0.000000 
 149 17.750000 0.000000 0.000000 
 150 17.750000 0.100000 0.000000 
 151 18.000000 0.000000 0.000000 
 152 18.000000 0.100000 0.000000 
 153 18.250000 0.000000 0.000000 
 154 18.250000 0.100000 0.000000 
 155 18.500000 0.000000 0.000000 
 156 18.500000 0.100000 0.000000 
 157 18.750000 0.000000 0.000000 
 158 18.750000 0.100000 0.000000 
 159 19.000000 0.000000 0.000000 
 160 19.000000 0.100000 0.000000 
 161 19.250000 0.000000 0.000000 
 162 19.250000 0.100000 0.000000 
 163 19.500000 0.000000 0.000000 
 164 19.500000 0.100000 0.000000 
 165 19.750000 0.000000 0.000000 
 166 19.750000 0.100000 0.000000 
 167 20.000000 0.000000 0.000000 
 168 20.000000 0.100000 0.000000 
 169 20.250000 0.000000 0.000000 
 170 20.250000 0.100000 0.000000 
 171 20.500000 0.000000 0.000000 
 172 20.500000 0.100000 0.000000 
 173 20.750000 0.000000 0.000000 
 174 20.750000 0.100000 0.000000 
 175 21.000000 0.000000 0.000000 
 176 21.000000 0.100000 0.000000 
 177 21.250000 0.000000 0.000000 
 178 21.250000 0.100000 0.000000 
 179 21.500000 0.000000 0.000000 
 180 21.500000 0.100000 0.000000 
 181 21.750000 0.000000 0.000000 
 182 21.750000 0.100000 0.000000 
 183 22.000000 0.000000 0.000000 
 184 22.000000 0.100000 0.000000 
 185 22.250000 0.000000 0.000000 
 186 22.250000 0.100000 0.000000 
 187 22.500000 0.000000 0.000000 
 188 22.500000 0.100000 0.000000 
 189 22.750000 0.000000 0.000000 
 190 22.750000 0.100000 0.000000 
 191 23.000000 0.000000 0.000000 
 192 23.000000 0.100000 0.000000 
 193 23.250000 0.000000 0.000000 
 194 23.250000 0.100000 0.000000 
 195 23.500000 0.000000 0.000000 
 196 23.500000 0.100000 0.000000 
 197 23.750000 0.000000 0.000000 
 198 23.750000 0.100000 0.000000 
 199 24.000000 0.000000 0.000000 
 200 24.000000 0.100000 0.000000 
 201 24.250000 0.000000 0.000000 
 202 24.250000 0.100000 0.000000 
 203 24.500000 0.000000 0.000000 
 204 24.500000 0.100000 0.000000 
 205 24.750000 0.000000 0.000000 
 206 24.750000 0.100000 0.000000 
 207 25.000000 0.000000 0.000000 
 208 25.000000 0.100000 0.000000 
 209 4.250000 0.185355 0.000000 
 210 4.500000 0.150000 0.000000 
 211 4.700000 0.120611 0.000000 
 212 4.900000 0.102447 0.000000 
 213 5.100000 0.102447 0.000000 
 214 5.250000 0.114645 0.000000 
 215 5.400000 0.134549 0.000000 
 216 5.550000 0.157822 0.000000 
 217 5.700000 0.179389 0.000000 
 218 5.850000 0.194550 0.000000 
 219 6.000000 0.200000 0.000000 
 220 6.150000 0.200000 0.000000 
 221 6.300000 0.200000 0.000000 
 222 6.450000 0.200000 0.000000 
 223 6.600000 0.200000 0.000000 
 224 6.750000 0.200000 0.000000 
 225 6.900000 0.200000 0.000000 
 226 7.050000 0.200000 0.000000 
 227 7.250000 0.200000 0.000000 
 228 7.500000 0.200000 0.000000 
 229 7.750000 0.200000 0.000000 
 230 8.000000 0.200000 0.000000 
 231 8.250000 0.200000 0.000000 
 232 8.500000 0.200000 0.000000 
 233 8.750000 0.200000 0.000000 
 234 9.000000 0.200000 0.000000 
 235 9.250000 0.200000 0.000000 
 236 9.500000 0.200000 0.000000 
 237 9.750000 0.200000 0.000000 
 238 10.000000 0.200000 0.000000 
 239 10.250000 0.200000 0.000000 
 240 10.500000 0.200000 0.000000 
 241 10.750000 0.200000 0.000000 
 242 11.000000 0.200000 0.000000 
 243 11.250000 0.200000 0.000000 
 244 11.500000 0.200000 0.000000 
 245 11.750000 0.200000 0.000000 
 246 12.000000 0.200000 0.000000 
 247 12.250000 0.200000 0.000000 
 248 12.500000 0.200000 0.000000 
 249 12.750000 0.200000 0.000000 
 250 13.000000 0.200000 0.000000 
 251 13.250000 0.200000 0.000000 
 252 13.500000 0.200000 0.000000 
 253 13.750000 0.200000 0.000000 
 254 14.000000 0.200000 0.000000 
 255 14.250000 0.200000 0.000000 
 256 14.500000 0.200000 0.000000 
 257 14.750000 0.200000 0.000000 
 258 15.000000 0.200000 0.000000 
 259 15.250000 0.200000 0.000000 
 260 15.500000 0.200000 0.000000 
 261 15.750000 0.200000 0.000000 
 262 16.000000 0.200000 0.000000 
 263 16.250000 0.200000 0.000000 
 264 16.500000 0.200000 0.000000 
 265 16.750000 0.200000 0.000000 
 266 17.000000 0.200000 0.000000 
 267 17.250000 0.200000 0.000000 
 268 17.500000 0.200000 0.000000 
 269 17.750000 0.200000 0.000000 
 270 18.000000 0.200000 0.000000 
 271 18.250000 0.200000 0.000000 
 272 18.500000 0.200000 0.000000 
 273 18.750000 0.200000 0.000000 
 274 19.000000 0.200000 0.000000 
 275 19.250000 0.200000 0.000000 
 276 19.500000 0.200000 0.000000 
 277 19.750000 0.200000 0.000000 
 278 20.000000 0.200000 0.000000 
 279 20.250000 0.200000 0.000000 
 280 20.500000 0.200000 0.000000 
 281 20.750000 0.200000 0.000000 
 282 21.000000 0.200000 0.000000 
 283 21.250000 0.200000 0.000000 
 284 21.500000 0.200000 0.000000 
 285 21.750000 0.200000 0.000000 
 286 22.000000 0.200000 0.000000 
 287 22.250000 0.200000 0.000000 
 288 22.500000 0.200000 0.000000 
 289 22.750000 0.200000 0.000000 
 290 23.000000 0.200000 0.000000 
 291 23.250000 0.200000 0.000000 
 292 23.500000 0.200000 0.000000 
 293 23.750000 0.200000 0.000000 
 294 24.000000 0.200000 0.000000 
 295 24.250000 0.200000 0.000000 
 296 24.500000 0.200000 0.000000 
 297 24.750000 0.200000 0.000000 
 298 25.000000 0.200000 0.000000 
 299 4.250000 0.278033 0.000000 
 300 4.500000 0.225000 0.000000 
 301 4.700000 0.180916 0.000000 
 302 4.900000 0.153671 0.000000 
 303 5.100000 0.153671 0.000000 
 304 5.250000 0.171967 0.000000 
 305 5.400000 0.201824 0.000000 
 306 5.550000 0.236733 0.000000 
 307 5.700000 0.269084 0.000000 
 308 5.850000 0.291825 0.000000 
 309 6.000000 0.300000 0.000000 
 310 6.150000 0.300000 0.000000 
 311 6.300000 0.300000 0.000000 
 312 6.450000 0.300000 0.000000 
 313 6.600000 0.300000 0.000000 
 314 6.750000 0.300000 0.000000 
 315 6.900000 0.300000 0.000000 
 316 7.050000 0.300000 0.000000 
 317 7.250000 0.300000 0.000000 
 318 7.500000 0.300000 0.000000 
 319 7.750000 0.300000 0.000000 
 320 8.000000 0.300000 0.000000 
 321 8.250000 0.300000 0.000000 
 322 8.500000 0.300000 0.000000 
 323 8.750000 0.300000 0.000000 
 324 9.000000 0.300000 0.000000 
 325 9.250000 0.300000 0.000000 
 326 9.500000 0.300000 0.000000 
 327 9.750000 0.300000 0.000000 
 328 10.000000 0.300000 0.000000 
 329 10.250000 0.300000 0.000000 
 330 10.500000 0.300000 0.000000 
 331 10.750000 0.300000 0.000000 
 332 11.000000 0.300000 0.000000 
 333 11.250000 0.300000 0.000000 
 334 11.500000 0.300000 0.000000 
 335 11.750000 0.300000 0.000000 
 336 12.000000 0.300000 0.000000 
 337 12.250000 0.300000 0.000000 
 338 12.500000 0.300000 0.000000 
 339 12.750000 0.300000 0.000000 
 340 13.000000 0.300000 0.000000 
 341 13.250000 0.300000 0.000000 
 342 13.500000 0.300000 0.000000 
 343 13.750000 0.300000 0.000000 
 344 14.000000 0.300000 0.000000 
 345 14.250000 0.300000 0.000000 
 346 14.500000 0.300000 0.000000 
 347 14.750000 0.300000 0.000000 
 348 15.000000 0.300000 0.000000 
 349 15.250000 0.300000 0.000000 
 350 15.500000 0.300000 0.000000 
 351 15.750000 0.300000 0.000000 
 352 16.000000 0.300000 0.000000 
 353 16.250000 0.300000 0.000000 
 354 16.500000 0.300000 0.000000 
 355 16.750000 0.300000 0.000000 
 356 17.000000 0.300000 0.000000 
 357 17.250000 0.300000 0.000000 
 358 17.500000 0.300000 0.000000 
 359 17.750000 0.300000 0.000000 
 360 18.000000 0.300000 0.000000 
 361 18.250000 0.300000 0.000000 
 362 18.500000 0.300000 0.000000 
 363 18.750000 0.300000 0.000000 
 364 19.000000 0.300000 0.000000 
 365 19.250000 0.300000 0.000000 
 366 19.500000 0.300000 0.000000 
 367 19.750000 0.300000 0.000000 
 368 20.000000 0.300000 0.000000 
 369 20.250000 0.300000 0.000000 
 370 20.500000 0.300000 0.000000 
 371 20.750000 0.300000 0.000000 
 372 21.000000 0.300000 0.000000 
 373 21.250000 0.300000 0.000000 
 374 21.500000 0.300000 0.000000 
 375 21.750000 0.300000 0.000000 
 376 22.000000 0.300000 0.000000 
 377 22.250000 0.300000 0.000000 
 378 22.500000 0.300000 0.000000 
 379 22.750000 0.300000 0.000000 
 380 23.000000 0.300000 0.000000 
 381 23.250000 0.300000 0.000000 
 382 23.500000 0.300000 0.000000 
 383 23.750000 0.300000 0.000000 
 384 24.000000 0.300000 0.000000 
 385 24.250000 0.300000 0.000000 
 386 24.500000 0.300000 0.000000 
 387 24.750000 0.300000 0.000000 
 388 25.000000 0.300000 0.000000 
 389 4.250000 0.370711 0.000000 
 390 4.500000 0.300000 0.000000 
 391 4.700000 0.241221 0.000000 
 392 4.900000 0.204894 0.000000 
 393 5.100000 0.204894 0.000000 
 394 5.250000 0.229289 0.000000 
 395 5.400000 0.269098 0.000000 
 396 5.550000 0.315643 0.000000 
 397 5.700000 0.358779 0.000000 
 398 5.850000 0.389101 0.000000 
 399 6.000000 0.400000 0.000000 
 400 6.150000 0.400000 0.000000 
 401 6.300000 0.400000 0.000000 
 402 6.450000 0.400000 0.000000 
 403 6.600000 0.400000 0.000000 
 404 6.750000 0.400000 0.000000 
 405 6.900000 0.400000 0.000000 
 406 7.050000 0.400000 0.000000 
 407 7.250000 0.400000 0.000000 
 408 7.500000 0.400000 0.000000 
 409 7.750000 0.400000 0.000000 
 410 8.000000 0.400000 0.000000 
 411 8.250000 0.400000 0.000000 
 412 8.500000 0.400000 0.000000 
 413 8.750000 0.400000 0.000000 
 414 9.000000 0.400000 0.000000 
 415 9.250000 0.400000 0.000000 
 416 9.500000 0.400000 0.000000 
 417 9.750000 0.400000 0.000000 
 418 10.000000 0.400000 0.000000 
 419 10.250000 0.400000 0.000000 
 420 10.500000 0.400000 0.000000 
 421 10.750000 0.400000 0.000000 
 422 11.000000 0.400000 0.000000 
 423 11.250000 0.400000 0.000000 
 424 11.500000 0.400000 0.000000 
 425 11.750000 0.400000 0.000000 
 426 12.000000 0.400000 0.000000 
 427 12.250000 0.400000 0.000000 
 428 12.500000 0.400000 0.000000 
 429 12.750000 0.400000 0.000000 
 430 13.000000 0.400000 0.000000 
 431 13.250000 0.400000 0.000000 
 432 13.500000 0.400000 0.000000 
 433 13.750000 0.400000 0.000000 
 434 14.000000 0.400000 0.000000 
 435 14.250000 0.400000 0.000000 
 436 14.500000 0.400000 0.000000 
 437 14.750000 0.400000 0.000000 
 438 15.000000 0.400000 0.000000 
 439 15.250000 0.400000 0.000000 
 440 15.500000 0.400000 0.000000 
 441 15.750000 0.400000 0.000000 
 442 16.000000 0.400000 0.000000 
 443 16.250000 0.400000 0.000000 
 444 16.500000 0.400000 0.000000 
 445 16.750000 0.400000 0.000000 
 446 17.000000 0.400000 0.000000 
 447 17.250000 0.400000 0.000000 
 448 17.500000 0.400000 0.000000 
 449 17.750000 0.400000 0.000000 
 450 18.000000 0.400000 0.000000 
 451 18.250000 0.400000 0.000000 
 452 18.500000 0.400000 0.000000 
 453 18.750000 0.400000 0.000000 
 454 19.000000 0.400000 0.000000 
 455 19.250000 0.400000 0.000000 
 456 19.500000 0.400000 0.000000 
 457 19.750000 0.400000 0.000000 
 458 20.000000 0.400000 0.000000 
 459 20.250000 0.400000 0.000000 
 460 20.500000 0.400000 0.000000 
 461 20.750000 0.400000 0.000000 
 462 21.000000 0.400000 0.000000 
 463 21.250000 0.400000 0.000000 
 464 21.500000 0.400000 0.000000 
 465 21.750000 0.400000 0.000000 
 466 22.000000 0.400000 0.000000 
 467 22.250000 0.400000 0.000000 
 468 22.500000 0.400000 0.000000 
 469 22.750000 0.400000 0.000000 
 470 23.000000 0.400000 0.000000 
 471 23.250000 0.400000 0.000000 
 472 23.500000 0.400000 0.000000 
 473 23.750000 0.400000 0.000000 
 474 24.000000 0.400000 0.000000 
 475 24.250000 0.400000 0.000000 
 476 24.500000 0.400000 0.000000 
 477 24.750000 0.400000 0.000000 
 478 25.000000 0.400000 0.000000 
 479 4.250000 0.417050 0.000000 
 480 4.500000 0.337500 0.000000 
 481 4.700000 0.271374 0.000000 
 482 4.900000 0.230506 0.000000 
 483 5.100000 0.230506 0.000000 
 484 5.250000 0.257950 0.000000 
 485 5.400000 0.302736 0.000000 
 486 5.550000 0.355099 0.000000 
 487 5.700000 0.403626 0.000000 
 488 5.850000 0.437738 0.000000 
 489 6.000000 0.450000 0.000000 
 490 6.150000 0.450000 0.000000 
 491 6.300000 0.450000 0.000000 
 492 6.450000 0.450000 0.000000 
 493 6.600000 0.450000 0.000000 
 494 6.750000 0.450000 0.000000 
 495 6.900000 0.450000 0.000000 
 496 7.050000 0.450000 0.000000 
 497 7.250000 0.450000 0.000000 
 498 7.500000 0.450000 0.000000 
 499 7.750000 0.450000 0.000000 
 500 8.000000 0.450000 0.000000 
 501 8.250000 0.450000 0.000000 
 502 8.500000 0.450000 0.000000 
 503 8.750000 0.450000 0.000000 
 504 9.000000 0.450000 0.000000 
 505 9.250000 0.450000 0.000000 
 506 9.500000 0.450000 0.000000 
 507 9.750000 0.450000 0.000000 
 508 10.000000 0.450000 0.000000 
 509 10.250000 0.450000 0.000000 
 510 10.500000 0.450000 0.000000 
 511 10.750000 0.450000 0.000000 
 512 11.000000 0.450000 0.000000 
 513 11.250000 0.450000 0.000000 
 514 11.500000 0.450000 0.000000 
 515 11.750000 0.450000 0.000000 
 516 12.000000 0.450000 0.000000 
 517 12.250000 0.450000 0.000000 
 518 12.500000 0.450000 0.000000 
 519 12.750000 0.450000 0.000000 
 520 13.000000 0.450000 0.000000 
 521 13.250000 0.450000 0.000000 
 522 13.500000 0.450000 0.000000 
 523 13.750000 0.450000 0.000000 
 524 14.000000 0.450000 0.000000 
 525 14.250000 0.450000 0.000000 
 526 14.500000 0.450000 0.000000 
 527 14.750000 0.450000 0.000000 
 528 15.000000 0.450000 0.000000 
 529 15.250000 0.450000 0.000000 
 530 15.500000 0.450000 0.000000 
 531 15.750000 0.450000 0.000000 
 532 16.000000 0.450000 0.000000 
 533 16.250000 0.450000 0.000000 
 534 16.500000 0.450000 0.000000 
 535 16.750000 0.450000 0.000000 
 536 17.000000 0.450000 0.000000 
 537 17.250000 0.450000 0.000000 
 538 17.500000 0.450000 0.000000 
 539 17.750000 0.450000 0.000000 
 540 18.000000 0.450000 0.000000 
 541 18.250000 0.450000 0.000000 
 542 18.500000 0.450000 0.000000 
 543 18.750000 0.450000 0.000000 
 544 19.000000 0.450000 0.000000 
 545 19.250000 0.450000 0.000000 
 546 19.500000 0.450000 0.000000 
 547 19.750000 0.450000 0.000000 
 548 20.000000 0.450000 0.000000 
 549 20.250000 0.450000 0.000000 
 550 20.500000 0.450000 0.000000 
 551 20.750000 0.450000 0.000000 
 552 21.000000 0.450000 0.000000 
 553 21.250000 0.450000 0.000000 
 554 21.500000 0.450000 0.000000 
 555 21.750000 0.450000 0.000000 
 556 22.000000 0.450000 0.000000 
 557 22.250000 0.450000 0.000000 
 558 22.500000 0.450000 0.000000 
 559 22.750000 0.450000 0.000000 
 560 23.000000 0.450000 0.000000 
 561 23.250000 0.450000 0.000000 
 562 23.500000 0.450000 0.000000 
 563 23.750000 0.450000 0.000000 
 564 24.000000 0.450000 0.000000 
 565 24.250000 0.450000 0.000000 
 566 24.500000 0.450000 0.000000 
 567 24.750000 0.450000 0.000000 
 568 25.000000 0.450000 0.000000 
 569 4.250000 0.440219 0.000000 
 570 4.500000 0.356250 0.000000 
 571 4.700000 0.286451 0.000000 
 572 4.900000 0.243312 0.000000 
 573 5.100000 0.243312 0.000000 
 574 5.250000 0.272281 0.000000 
 575 5.400000 0.319554 0.000000 
 576 5.550000 0.374827 0.000000 
 577 5.700000 0.426049 0.000000 
 578 5.850000 0.462057 0.000000 
 579 6.000000 0.475000 0.000000 
 580 6.150000 0.475000 0.000000 
 581 6.300000 0.475000 0.000000 
 582 6.450000 0.475000 0.000000 
 583 6.600000 0.475000 0.000000 
 584 6.750000 0.475000 0.000000 
 585 6.900000 0.475000 0.000000 
 586 7.050000 0.475000 0.000000 
 587 7.250000 0.475000 0.000000 
 588 7.500000 0.475000 0.000000 
 589 7.750000 0.475000 0.000000 
 590 8.000000 0.475000 0.000000 
 591 8.250000 0.475000 0.000000 
 592 8.500000 0.475000 0.000000 
 593 8.750000 0.475000 0.000000 
 594 9.000000 0.475000 0.000000 
 595 9.250000 0.475000 0.000000 
 596 9.500000 0.475000 0.000000 
 597 9.750000 0.475000 0.000000 
 598 10.000000 0.475000 0.000000 
 599 10.250000 0.475000 0.000000 
 600 10.500000 0.475000 0.000000 
 601 10.750000 0.475000 0.000000 
 602 11.000000 0.475000 0.000000 
 603 11.250000 0.475000 0.000000 
 604 11.500000 0.475000 0.000000 
 605 11.750000 0.475000 0.000000 
 606 12.000000 0.475000 0.000000 
 607 12.250000 0.475000 0.000000 
 608 12.500000 0.475000 0.000000 
 609 12.750000 0.475000 0.000000 
 610 13.000000 0.475000 0.000000 
 611 13.250000 0.475000 0.000000 
 612 13.500000 0.475000 0.000000 
 613 13.750000 0.475000 0.000000 
 614 14.000000 0.475000 0.000000 
 615 14.250000 0.475000 0.000000 
 616 14.500000 0.475000 0.000000 
 617 14.750000 0.475000 0.000000 
 618 15.000000 0.475000 0.000000 
 619 15.250000 0.475000 0.000000 
 620 15.500000 0.475000 0.000000 
 621 15.750000 0.475000 0.000000 
 622 16.000000 0.475000 0.000000 
 623 16.250000 0.475000 0.000000 
 624 16.500000 0.475000 0.000000 
 625 16.750000 0.475000 0.000000 
 626 17.000000 0.475000 0.000000 
 627 17.250000 0.475000 0.000000 
 628 17.500000 0.475000 0.000000 
 629 17.750000 0.475000 0.000000 
 630 18.000000 0.475000 0.000000 
 631 18.250000 0.475000 0.000000 
 632 18.500000 0.475000 0.000000 
 633 18.750000 0.475000 0.000000 
 634 19.000000 0.475000 0.000000 
 635 19.250000 0.475000 0.000000 
 636 19.500000 0.475000 0.000000 
 637 19.750000 0.475000 0.000000 
 638 20.000000 0.475000 0.000000 
 639 20.250000 0.475000 0.000000 
 640 20.500000 0.475000 0.000000 
 641 20.750000 0.475000 0.000000 
 642 21.000000 0.475000 0.000000 
 643 21.250000 0.475000 0.000000 
 644 21.500000 0.475000 0.000000 
 645 21.750000 0.475000 0.000000 
 646 22.000000 0.475000 0.000000 
 647 22.250000 0.475000 0.000000 
 648 22.500000 0.475000 0.000000 
 649 22.750000 0.475000 0.000000 
 650 23.000000 0.475000 0.000000 
 651 23.250000 0.475000 0.000000 
 652 23.500000 0.475000 0.000000 
 653 23.750000 0.475000 0.000000 
 654 24.000000 0.475000 0.000000 
 655 24.250000 0.475000 0.000000 
 656 24.500000 0.475000 0.000000 
 657 24.750000 0.475000 0.000000 
 658 25.000000 0.475000 0.000000 
 659 4.250000 0.463388 0.000000 
 660 4.500000 0.375000 0.000000 
 661 4.700000 0.301527 0.000000 
 662 4.900000 0.256118 0.000000 
 663 5.100000 0.256118 0.000000 
 664 5.250000 0.286612 0.000000 
 665 5.400000 0.336373 0.000000 
 666 5.550000 0.394554 0.000000 
 667 5.700000 0.448473 0.000000 
 668 5.850000 0.486376 0.000000 
 669 6.000000 0.500000 0.000000 
 670 6.150000 0.500000 0.000000 
 671 6.300000 0.500000 0.000000 
 672 6.450000 0.500000 0.000000 
 673 6.600000 0.500000 0.000000 
 674 6.750000 0.500000 0.000000 
 675 6.900000 0.500000 0.000000 
 676 7.050000 0.500000 0.000000 
 677 7.250000 0.500000 0.000000 
 678 7.500000 0.500000 0.000000 
 679 7.750000 0.500000 0.000000 
 680 8.000000 0.500000 0.000000 
 681 8.250000 0.500000 0.000000 
 682 8.500000 0.500000 0.000000 
 683 8.750000 0.500000 0.000000 
 684 9.000000 0.500000 0.000000 
 685 9.250000 0.500000 0.000000 
 686 9.500000 0.500000 0.000000 
 687 9.750000 0.500000 0.000000 
 688 10.000000 0.500000 0.000000 
 689 10.250000 0.500000 0.000000 
 690 10.500000 0.500000 0.000000 
 691 10.750000 0.500000 0.000000 
 692 11.000000 0.500000 0.000000 
 693 11.250000 0.500000 0.000000 
 694 11.500000 0.500000 0.000000 
 695 11.750000 0.500000 0.000000 
 696 12.000000 0.500000 0.000000 
 697 12.250000 0.500000 0.000000 
 698 12.500000 0.500000 0.000000 
 699 12.750000 0.500000 0.000000 
 700 13.000000 0.500000 0.000000 
 701 13.250000 0.500000 0.000000 
 702 13.500000 0.500000 0.000000 
 703 13.750000 0.500000 0.000000 
 704 14.000000 0.500000 0.000000 
 705 14.250000 0.500000 0.000000 
 706 14.500000 0.500000 0.000000 
 707 14.750000 0.500000 0.000000 
 708 15.000000 0.500000 0.000000 
 709 15.250000 0.500000 0.000000 
 710 15.500000 0.500000 0.000000 
 711 15.750000 0.500000 0.000000 
 712 16.000000 0.500000 0.000000 
 713 16.250000 0.500000 0.000000 
 714 16.500000 0.500000 0.000000 
 715 16.750000 0.500000 0.000000 
 716 17.000000 0.500000 0.000000 
 717 17.250000 0.500000 0.000000 
 718 17.500000 0.500000 0.000000 
 719 17.750000 0.500000 0.000000 
 720 18.000000 0.500000 0.000000 
 721 18.250000 0.500000 0.000000 
 722 18.500000 0.500000 0.000000 
 723 18.750000 0.500000 0.000000 
 724 19.000000 0.500000 0.000000 
 725 19.250000 0.500000 0.000000 
 726 19.500000 0.500000 0.000000 
 727 19.750000 0.500000 0.000000 
 728 20.000000 0.500000 0.000000 
 729 20.250000 0.500000 0.000000 
 730 20.500000 0.500000 0.000000 
 731 20.750000 0.500000 0.000000 
 732 21.000000 0.500000 0.000000 
 733 21.250000 0.500000 0.000000 
 734 21.500000 0.500000 0.000000 
 735 21.750000 0.500000 0.000000 
 736 22.000000 0.500000 0.000000 
 737 22.250000 0.500000 0.000000 
 738 22.500000 0.500000 0.000000 
 739 22.750000 0.500000 0.000000 
 740 23.000000 0.500000 0.000000 
 741 23.250000 0.500000 0.000000 
 742 23.500000 0.500000 0.000000 
 743 23.750000 0.500000 0.000000 
 744 24.000000 0.500000 0.000000 
 745 24.250000 0.500000 0.000000 
 746 24.500000 0.500000 0.000000 
 747 24.750000 0.500000 0.000000 
 748 25.000000 0.500000 0.000000 
</NODES>

<ELEMENTS NUMBER=648>
1 <Q> 1 2 3 4 </Q>
2 <Q> 2 5 6 3 </Q>
3 <Q> 4 3 7 8 </Q>
4 <Q> 3 6 9 7 </Q>
5 <Q> 8 7 10 11 </Q>
6 <Q> 7 9 12 10 </Q>
7 <Q> 11 10 13 14 </Q>
8 <Q> 10 12 15 13 </Q>
9 <Q> 14 13 16 17 </Q>
10 <Q> 13 15 18 16 </Q>
11 <Q> 5 19 20 6 </Q>
12 <Q> 6 20 21 9 </Q>
13 <Q> 9 21 22 12 </Q>
14 <Q> 12 22 23 15 </Q>
15 <Q> 15 23 24 25 </Q>
16 <Q> 15 25 26 18 </Q>
17 <Q> 25 24 27 26 </Q>
18 <Q> 26 27 28 18 </Q>
19 <Q> 19 29 30 20 </Q>
20 <Q> 29 31 32 30 </Q>
21 <Q> 31 33 34 32 </Q>
22 <Q> 33 35 36 34 </Q>
23 <Q> 35 37 38 36 </Q>
24 <Q> 37 39 40 38 </Q>
25 <Q> 39 41 42 40 </Q>
26 <Q> 41 43 44 42 </Q>
27 <Q> 43 45 46 44 </Q>
28 <Q> 45 47 48 46 </Q>
29 <Q> 47 49 50 48 </Q>
30 <Q> 49 51 52 50 </Q>
31 <Q> 51 53 54 52 </Q>
32 <Q> 53 55 56 54 </Q>
33 <Q> 55 57 58 56 </Q>
34 <Q> 57 59 60 58 </Q>
35 <Q> 59 61 62 60 </Q>
36 <Q> 61 63 64 62 </Q>
37 <Q> 63 65 66 64 </Q>
38 <Q> 65 67 68 66 </Q>
39 <Q> 67 69 70 68 </Q>
40 <Q> 69 71 72 70 </Q>
41 <Q> 71 73 74 72 </Q>
42 <Q> 73 75 76 74 </Q>
43 <Q> 75 77 78 76 </Q>
44 <Q> 77 79 80 78 </Q>
45 <Q> 79 81 82 80 </Q>
46 <Q> 81 83 84 82 </Q>
47 <Q> 83 85 86 84 </Q>
48 <Q> 85 87 88 86 </Q>
49 <Q> 87 89 90 88 </Q>
50 <Q> 89 91 92 90 </Q>
51 <Q> 91 93 94 92 </Q>
52 <Q> 93 95 96 94 </Q>
53 <Q> 95 97 98 96 </Q>
54 <Q> 97 99 100 98 </Q>
55 <Q> 99 101 102 100 </Q>
56 <Q> 101 103 104 102 </Q>
57 <Q> 103 105 106 104 </Q>
58 <Q> 105 107 108 106 </Q>
59 <Q> 107 109 110 108 </Q>
60 <Q> 109 111 112 110 </Q>
61 <Q> 111 113 114 112 </Q>
62 <Q> 113 115 116 114 </Q>
63 <Q> 115 117 118 116 </Q>
64 <Q> 117 119 120 118 </Q>
65 <Q> 119 121 122 120 </Q>
66 <Q> 121 123 124 122 </Q>
67 <Q> 123 125 126 124 </Q>
68 <Q> 125 127 128 126 </Q>
69 <Q> 127 129 130 128 </Q>
70 <Q> 129 131 132 130 </Q>
71 <Q> 131 133 134 132 </Q>
72 <Q> 133 135 136 134 </Q>
73 <Q> 135 137 138 136 </Q>
74 <Q> 137 139 140 138 </Q>
75 <Q> 139 141 142 140 </Q>
76 <Q> 141 143 144 142 </Q>
77 <Q> 143 145 146 144 </Q>
78 <Q> 145 147 148 146 </Q>
79 <Q> 147 149 150 148 </Q>
80 <Q> 149 151 152 150 </Q>
81 <Q> 151 153 154 152 </Q>
82 <Q> 153 155 156 154 </Q>
83 <Q> 155 157 158 156 </Q>
84 <Q> 157 159 160 158 </Q>
85 <Q> 159 161 162 160 </Q>
86 <Q> 161 163 164 162 </Q>
87 <Q> 163 165 166 164 </Q>
88 <Q> 165 167 168 166 </Q>
89 <Q> 167 169 170 168 </Q>
90 <Q> 169 171 172 170 </Q>
91 <Q> 171 173 174 172 </Q>
92 <Q> 173 175 176 174 </Q>
93 <Q> 175 177 178 176 </Q>
94 <Q> 177 179 180 178 </Q>
95 <Q> 179 181 182 180 </Q>
96 <Q> 181 183 184 182 </Q>
97 <Q> 183 185 186 184 </Q>
98 <Q> 185 187 188 186 </Q>
99 <Q> 187 189 190 188 </Q>
100 <Q> 189 191 192 190 </Q>
101 <Q> 191 193 194 192 </Q>
102 <Q> 193 195 196 194 </Q>
103 <Q> 195 197 198 196 </Q>
104 <Q> 197 199 200 198 </Q>
105 <Q> 199 201 202 200 </Q>
106 <Q> 201 203 204 202 </Q>
107 <Q> 203 205 206 204 </Q>
108 <Q> 205 207 208 206 </Q>
109 <Q> 20 30 209 21 </Q>
110 <Q> 30 32 210 209 </Q>
111 <Q> 32 34 211 210 </Q>
112 <Q> 34 36 212 211 </Q>
113 <Q> 36 38 213 212 </Q>
114 <Q> 38 40 214 213 </Q>
115 <Q> 40 42 215 214 </Q>
116 <Q> 42 44 216 215 </Q>
117 <Q> 44 46 217 216 </Q>
118 <Q> 46 48 218 217 </Q>
119 <Q> 48 50 219 218 </Q>
120 <Q> 50 52 220 219 </Q>
121 <Q> 52 54 221 220 </Q>
122 <Q> 54 56 222 221 </Q>
123 <Q> 56 58 223 222 </Q>
124 <Q> 58 60 224 223 </Q>
125 <Q> 60 62 225 224 </Q>
126 <Q> 62 64 226 225 </Q>
127 <Q> 64 66 227 226 </Q>
128 <Q> 66 68 228 227 </Q>
129 <Q> 68 70 229 228 </Q>
130 <Q> 70 72 230 229 </Q>
131 <Q> 72 74 231 230 </Q>
132 <Q> 74 76 232 231 </Q>
133 <Q> 76 78 233 232 </Q>
134 <Q> 78 80 234 233 </Q>
135 <Q> 80 82 235 234 </Q>
136 <Q> 82 84 236 235 </Q>
137 <Q> 84 86 237 236 </Q>
138 <Q> 86 88 238 237 </Q>
139 <Q> 88 90 239 238 </Q>
140 <Q> 90 92 240 239 </Q>
141 <Q> 92 94 241 240 </Q>
142 <Q> 94 96 242 241 </Q>
143 <Q> 96 98 243 242 </Q>
144 <Q> 98 100 244 243 </Q>
145 <Q> 100 102 245 244 </Q>
146 <Q> 102 104 246 245 </Q>
147 <Q> 104 106 247 246 </Q>
148 <Q> 106 108 248 247 </Q>
149 <Q> 108 110 249 248 </Q>
150 <Q> 110 112 250 249 </Q>
151 <Q> 112 114 251 250 </Q>
152 <Q> 114 116 252 251 </Q>
153 <Q> 116 118 253 252 </Q>
154 <Q> 118 120 254 253 </Q>
155 <Q> 120 122 255 254 </Q>
156 <Q> 122 124 256 255 </Q>
157 <Q> 124 126 257 256 </Q>
158 <Q> 126 128 258 257 </Q>
159 <Q> 128 130 259 258 </Q>
160 <Q> 130 132 260 259 </Q>
161 <Q> 132 134 261 260 </Q>
162 <Q> 134 136 262 261 </Q>
163 <Q> 136 138 263 262 </Q>
164 <Q> 138 140 264 263 </Q>
165 <Q> 140 142 265 264 </Q>
166 <Q> 142 144 266 265 </Q>
167 <Q> 144 146 267 266 </Q>
168 <Q> 146 148 268 267 </Q>
169 <Q> 148 150 269 268 </Q>
170 <Q> 150 152 270 269 </Q>
171 <Q> 152 154 271 270 </Q>
172 <Q> 154 156 272 271 </Q>
173 <Q> 156 158 273 272 </Q>
174 <Q> 158 160 274 273 </Q>
175 <Q> 160 162 275 274 </Q>
176 <Q> 162 164 276 275 </Q>
177 <Q> 164 166 277 276 </Q>
178 <Q> 166 168 278 277 </Q>
179 <Q> 168 170 279 278 </Q>
180 <Q> 170 172 280 279 </Q>
181 <Q> 172 174 281 280 </Q>
182 <Q> 174 176 282 281 </Q>
183 <Q> 176 178 283 282 </Q>
184 <Q> 178 180 284 283 </Q>
185 <Q> 180 182 285 284 </Q>
186 <Q> 182 184 286 285 </Q>
187 <Q> 184 186 287 286 </Q>
188 <Q> 186 188 288 287 </Q>
189 <Q> 188 190 289 288 </Q>
190 <Q> 190 192 290 289 </Q>
191 <Q> 192 194 291 290 </Q>
192 <Q> 194 196 292 291 </Q>
193 <Q> 196 198 293 292 </Q>
194 <Q> 198 200 294 293 </Q>
195 <Q> 200 202 295 294 </Q>
196 <Q> 202 204 296 295 </Q>
197 <Q> 204 206 297 296 </Q>
198 <Q> 206 208 298 297 </Q>
199 <Q> 21 209 299 22 </Q>
200 <Q> 209 210 300 299 </Q>
201 <Q> 210 211 301 300 </Q>
202 <Q> 211 212 302 301 </Q>
203 <Q> 212 213 303 302 </Q>
204 <Q> 213 214 304 303 </Q>
205 <Q> 214 215 305 304 </Q>
206 <Q> 215 216 306 305 </Q>
207 <Q> 216 217 307 306 </Q>
208 <Q> 217 218 308 307 </Q>
209 <Q> 218 219 309 308 </Q>
210 <Q> 219 220 310 309 </Q>
211 <Q> 220 221 311 310 </Q>
212 <Q> 221 222 312 311 </Q>
213 <Q> 222 223 313 312 </Q>
214 <Q> 223 224 314 313 </Q>
215 <Q> 224 225 315 314 </Q>
216 <Q> 225 226 316 315 </Q>
217 <Q> 226 227 317 316 </Q>
218 <Q> 227 228 318 317 </Q>
219 <Q> 228 229 319 318 </Q>
220 <Q> 229 230 320 319 </Q>
221 <Q> 230 231 321 320 </Q>
222 <Q> 231 232 322 321 </Q>
223 <Q> 232 233 323 322 </Q>
224 <Q> 233 234 324 323 </Q>
225 <Q> 234 235 325 324 </Q>
226 <Q> 235 236 326 325 </Q>
227 <Q> 236 237 327 326 </Q>
228 <Q> 237 238 328 327 </Q>
229 <Q> 238 239 329 328 </Q>
230 <Q> 239 240 330 329 </Q>
231 <Q> 240 241 331 330 </Q>
232 <Q> 241 242 332 331 </Q>
233 <Q> 242 243 333 332 </Q>
234 <Q> 243 244 334 333 </Q>
235 <Q> 244 245 335 334 </Q>
236 <Q> 245 246 336 335 </Q>
237 <Q> 246 247 337 336 </Q>
238 <Q> 247 248 338 337 </Q>
239 <Q> 248 249 339 338 </Q>
240 <Q> 249 250 340 339 </Q>
241 <Q> 250 251 341 340 </Q>
242 <Q> 251 252 342 341 </Q>
243 <Q> 252 253 343 342 </Q>
244 <Q> 253 254 344 343 </Q>
245 <Q> 254 255 345 344 </Q>
246 <Q> 255 256 346 345 </Q>
247 <Q> 256 257 347 346 </Q>
248 <Q> 257 258 348 347 </Q>
249 <Q> 258 259 349 348 </Q>
250 <Q> 259 260 350 349 </Q>
251 <Q> 260 261 351 350 </Q>
252 <Q> 261 262 352 351 </Q>
253 <Q> 262 263 353 352 </Q>
254 <Q> 263 264 354 353 </Q>
255 <Q> 264 265 355 354 </Q>
256 <Q> 265 266 356 355 </Q>
257 <Q> 266 267 357 356 </Q>
258 <Q> 267 268 358 357 </Q>
259 <Q> 268 269 359 358 </Q>
260 <Q> 269 270 360 359 </Q>
261 <Q> 270 271 361 360 </Q>
262 <Q> 271 272 362 361 </Q>
263 <Q> 272 273 363 362 </Q>
264 <Q> 273 274 364 363 </Q>
265 <Q> 274 275 365 364 </Q>
266 <Q> 275 276 366 365 </Q>
267 <Q> 276 277 367 366 </Q>
268 <Q> 277 278 368 367 </Q>
269 <Q> 278 279 369 368 </Q>
270 <Q> 279 280 370 369 </Q>
271 <Q> 280 281 371 370 </Q>
272 <Q> 281 282 372 371 </Q>
273 <Q> 282 283 373 372 </Q>
274 <Q> 283 284 374 373 </Q>
275 <Q> 284 285 375 374 </Q>
276 <Q> 285 286 376 375 </Q>
277 <Q> 286 287 377 376 </Q>
278 <Q> 287 288 378 377 </Q>
279 <Q> 288 289 379 378 </Q>
280 <Q> 289 290 380 379 </Q>
281 <Q> 290 291 381 380 </Q>
282 <Q> 291 292 382 381 </Q>
283 <Q> 292 293 383 382 </Q>
284 <Q> 293 294 384 383 </Q>
285 <Q> 294 295 385 384 </Q>
286 <Q> 295 296 386 385 </Q>
287 <Q> 296 297 387 386 </Q>
288 <Q> 297 298 388 387 </Q>
289 <Q> 22 299 389 23 </Q>
290 <Q> 299 300 390 389 </Q>
291 <Q> 300 301 391 390 </Q>
292 <Q> 301 302 392 391 </Q>
293 <Q> 302 303 393 392 </Q>
294 <Q> 303 304 394 393 </Q>
295 <Q> 304 305 395 394 </Q>
296 <Q> 305 306 396 395 </Q>
297 <Q> 306 307 397 396 </Q>
298 <Q> 307 308 398 397 </Q>
299 <Q> 308 309 399 398 </Q>
300 <Q> 309 310 400 399 </Q>
301 <Q> 310 311 401 400 </Q>
302 <Q> 311 312 402 401 </Q>
303 <Q> 312 313 403 402 </Q>
304 <Q> 313 314 404 403 </Q>
305 <Q> 314 315 405 404 </Q>
306 <Q> 315 316 406 405 </Q>
307 <Q> 316 317 407 406 </Q>
308 <Q> 317 318 408 407 </Q>
309 <Q> 318 319 409 408 </Q>
310 <Q> 319 320 410 409 </Q>
311 <Q> 320 321 411 410 </Q>
312 <Q> 321 322 412 411 </Q>
313 <Q> 322 323 413 412 </Q>
314 <Q> 323 324 414 413 </Q>
315 <Q> 324 325 415 414 </Q>
316 <Q> 325 326 416 415 </Q>
317 <Q> 326 327 417 416 </Q>
318 <Q> 327 328 418 417 </Q>
319 <Q> 328 329 419 418 </Q>
320 <Q> 329 330 420 419 </Q>
321 <Q> 330 331 421 420 </Q>
322 <Q> 331 332 422 421 </Q>
323 <Q> 332 333 423 422 </Q>
324 <Q> 333 334 424 423 </Q>
325 <Q> 334 335 425 424 </Q>
326 <Q> 335 336 426 425 </Q>
327 <Q> 336 337 427 426 </Q>
328 <Q> 337 338 428 427 </Q>
329 <Q> 338 339 429 428 </Q>
330 <Q> 339 340 430 429 </Q>
331 <Q> 340 341 431 430 </Q>
332 <Q> 341 342 432 431 </Q>
333 <Q> 342 343 433 432 </Q>
334 <Q> 343 344 434 433 </Q>
335 <Q> 344 345 435 434 </Q>
336 <Q> 345 346 436 435 </Q>
337 <Q> 346 347 437 436 </Q>
338 <Q> 347 348 438 437 </Q>
339 <Q> 348 349 439 438 </Q>
340 <Q> 349 350 440 439 </Q>
341 <Q> 350 351 441 440 </Q>
342 <Q> 351 352 442 441 </Q>
343 <Q> 352 353 443 442 </Q>
344 <Q> 353 354 444 443 </Q>
345 <Q> 354 355 445 444 </Q>
346 <Q> 355 356 446 445 </Q>
347 <Q> 356 357 447 446 </Q>
348 <Q> 357 358 448 447 </Q>
349 <Q> 358 359 449 448 </Q>
350 <Q> 359 360 450 449 </Q>
351 <Q> 360 361 451 450 </Q>
352 <Q> 361 362 452 451 </Q>
353 <Q> 362 363 453 452 </Q>
354 <Q> 363 364 454 453 </Q>
355 <Q> 364 365 455 454 </Q>
356 <Q> 365 366 456 455 </Q>
357 <Q> 366 367 457 456 </Q>
358 <Q> 367 368 458 457 </Q>
359 <Q> 368 369 459 458 </Q>
360 <Q> 369 370 460 459 </Q>
361 <Q> 370 371 461 460 </Q>
362 <Q> 371 372 462 461 </Q>
363 <Q> 372 373 463 462 </Q>
364 <Q> 373 374 464 463 </Q>
365 <Q> 374 375 465 464 </Q>
366 <Q> 375 376 466 465 </Q>
367 <Q> 376 377 467 466 </Q>
368 <Q> 377 378 468 467 </Q>
369 <Q> 378 379 469 468 </Q>
370 <Q> 379 380 470 469 </Q>
371 <Q> 380 381 471 470 </Q>
372 <Q> 381 382 472 471 </Q>
373 <Q> 382 383 473 472 </Q>
374 <Q> 383 384 474 473 </Q>
375 <Q> 384 385 475 474 </Q>
376 <Q> 385 386 476 475 </Q>
377 <Q> 386 387 477 476 </Q>
378 <Q> 387 388 478 477 </Q>
379 <Q> 23 389 479 24 </Q>
380 <Q> 389 390 480 479 </Q>
381 <Q> 390 391 481 480 </Q>
382 <Q> 391 392 482 481 </Q>
383 <Q> 392 393 483 482 </Q>
384 <Q> 393 394 484 483 </Q>
385 <Q> 394 395 485 484 </Q>
386 <Q> 395 396 486 485 </Q>
387 <Q> 396 397 487 486 </Q>
388 <Q> 397 398 488 487 </Q>
389 <Q> 398 399 489 488 </Q>
390 <Q> 399 400 490 489 </Q>
391 <Q> 400 401 491 490 </Q>
392 <Q> 401 402 492 491 </Q>
393 <Q> 402 403 493 492 </Q>
394 <Q> 403 404 494 493 </Q>
395 <Q> 404 405 495 494 </Q>
396 <Q> 405 406 496 495 </Q>
397 <Q> 406 407 497 496 </Q>
398 <Q> 407 408 498 497 </Q>
399 <Q> 408 409 499 498 </Q>
400 <Q> 409 410 500 499 </Q>
401 <Q> 410 411 501 500 </Q>
402 <Q> 411 412 502 501 </Q>
403 <Q> 412 413 503 502 </Q>
404 <Q> 413 414 504 503 </Q>
405 <Q> 414 415 505 504 </Q>
406 <Q> 415 416 506 505 </Q>
407 <Q> 416 417 507 506 </Q>
408 <Q> 417 418 508 507 </Q>
409 <Q> 418 419 509 508 </Q>
410 <Q> 419 420 510 509 </Q>
411 <Q> 420 421 511 510 </Q>
412 <Q> 421 422 512 511 </Q>
413 <Q> 422 423 513 512 </Q>
414 <Q> 423 424 514 513 </Q>
415 <Q> 424 425 515 514 </Q>
416 <Q> 425 426 516 515 </Q>
417 <Q> 426 427 517 516 </Q>
418 <Q> 427 428 518 517 </Q>
419 <Q> 428 429 519 518 </Q>
420 <Q> 429 430 520 519 </Q>
421 <Q> 430 431 521 520 </Q>
422 <Q> 431 432 522 521 </Q>
423 <Q> 432 433 523 522 </Q>
424 <Q> 433 434 524 523 </Q>
425 <Q> 434 435 525 524 </Q>
426 <Q> 435 436 526 525 </Q>
427 <Q> 436 437 527 526 </Q>
428 <Q> 437 438 528 527 </Q>
429 <Q> 438 439 529 528 </Q>
430 <Q> 439 440 530 529 </Q>
431 <Q> 440 441 531 530 </Q>
432 <Q> 441 442 532 531 </Q>
433 <Q> 442 443 533 532 </Q>
434 <Q> 443 444 534 533 </Q>
435 <Q> 444 445 535 534 </Q>
436 <Q> 445 446 536 535 </Q>
437 <Q> 446 447 537 536 </Q>
438 <Q> 447 448 538 537 </Q>
439 <Q> 448 449 539 538 </Q>
440 <Q> 449 450 540 539 </Q>
441 <Q> 450 451 541 540 </Q>
442 <Q> 451 452 542 541 </Q>
443 <Q> 452 453 543 542 </Q>
444 <Q> 453 454 544 543 </Q>
445 <Q> 454 455 545 544 </Q>
446 <Q> 455 456 546 545 </Q>
447 <Q> 456 457 547 546 </Q>
448 <Q> 457 458 548 547 </Q>
449 <Q> 458 459 549 548 </Q>
450 <Q> 459 460 550 549 </Q>
451 <Q> 460 461 551 550 </Q>
452 <Q> 461 462 552 551 </Q>
453 <Q> 462 463 553 552 </Q>
454 <Q> 463 464 554 553 </Q>
455 <Q> 464 465 555 554 </Q>
456 <Q> 465 466 556 555 </Q>
457 <Q> 466 467 557 556 </Q>
458 <Q> 467 468 558 557 </Q>
459 <Q> 468 469 559 558 </Q>
460 <Q> 469 470 560 559 </Q>
461 <Q> 470 471 561 560 </Q>
462 <Q> 471 472 562 561 </Q>
463 <Q> 472 473 563 562 </Q>
464 <Q> 473 474 564 563 </Q>
465 <Q> 474 475 565 564 </Q>
466 <Q> 475 476 566 565 </Q>
467 <Q> 476 477 567 566 </Q>
468 <Q> 477 478 568 567 </Q>
469 <Q> 24 479 569 27 </Q>
470 <Q> 479 480 570 569 </Q>
471 <Q> 480 481 571 570 </Q>
472 <Q> 481 482 572 571 </Q>
473 <Q> 482 483 573 572 </Q>
474 <Q> 483 484 574 573 </Q>
475 <Q> 484 485 575 574 </Q>
476 <Q> 485 486 576 575 </Q>
477 <Q> 486 487 577 576 </Q>
478 <Q> 487 488 578 577 </Q>
479 <Q> 488 489 579 578 </Q>
480 <Q> 489 490 580 579 </Q>
481 <Q> 490 491 581 580 </Q>
482 <Q> 491 492 582 581 </Q>
483 <Q> 492 493 583 582 </Q>
484 <Q> 493 494 584 583 </Q>
485 <Q> 494 495 585 584 </Q>
486 <Q> 495 496 586 585 </Q>
487 <Q> 496 497 587 586 </Q>
488 <Q> 497 498 588 587 </Q>
489 <Q> 498 499 589 588 </Q>
490 <Q> 499 500 590 589 </Q>
491 <Q> 500 501 591 590 </Q>
492 <Q> 501 502 592 591 </Q>
493 <Q> 502 503 593 592 </Q>
494 <Q> 503 504 594 593 </Q>
495 <Q> 504 505 595 594 </Q>
496 <Q> 505 506 596 595 </Q>
497 <Q> 506 507 597 596 </Q>
498 <Q> 507 508 598 597 </Q>
499 <Q> 508 509 599 598 </Q>
500 <Q> 509 510 600 599 </Q>
501 <Q> 510 511 601 600 </Q>
502 <Q> 511 512 602 601 </Q>
503 <Q> 512 513 603 602 </Q>
504 <Q> 513 514 604 603 </Q>
505 <Q> 514 515 605 604 </Q>
506 <Q> 515 516 606 605 </Q>
507 <Q> 516 517 607 606 </Q>
508 <Q> 517 518 608 607 </Q>
509 <Q> 518 519 609 608 </Q>
510 <Q> 519 520 610 609 </Q>
511 <Q> 520 521 611 610 </Q>
512 <Q> 521 522 612 611 </Q>
513 <Q> 522 523 613 612 </Q>
514 <Q> 523 524 614 613 </Q>
515 <Q> 524 525 615 614 </Q>
516 <Q> 525 526 616 615 </Q>
517 <Q> 526 527 617 616 </Q>
518 <Q> 527 528 618 617 </Q>
519 <Q> 528 529 619 618 </Q>
520 <Q> 529 530 620 619 </Q>
521 <Q> 530 531 621 620 </Q>
522 <Q> 531 532 622 621 </Q>
523 <Q> 532 533 623 622 </Q>
524 <Q> 533 534 624 623 </Q>
525 <Q> 534 535 625 624 </Q>
526 <Q> 535 536 626 625 </Q>
527 <Q> 536 537 627 626 </Q>
528 <Q> 537 538 628 627 </Q>
529 <Q> 538 539 629 628 </Q>
530 <Q> 539 540 630 629 </Q>
531 <Q> 540 541 631 630 </Q>
532 <Q> 541 542 632 631 </Q>
533 <Q> 542 543 633 632 </Q>
534 <Q> 543 544 634 633 </Q>
535 <Q> 544 545 635 634 </Q>
536 <Q> 545 546 636 635 </Q>
537 <Q> 546 547 637 636 </Q>
538 <Q> 547 548 638 637 </Q>
539 <Q> 548 549 639 638 </Q>
540 <Q> 549 550 640 639 </Q>
541 <Q> 550 551 641 640 </Q>
542 <Q> 551 552 642 641 </Q>
543 <Q> 552 553 643 642 </Q>
544 <Q> 553 554 644 643 </Q>
545 <Q> 554 555 645 644 </Q>
546 <Q> 555 556 646 645 </Q>
547 <Q> 556 557 647 646 </Q>
548 <Q> 557 558 648 647 </Q>
549 <Q> 558 559 649 648 </Q>
550 <Q> 559 560 650 649 </Q>
551 <Q> 560 561 651 650 </Q>
552 <Q> 561 562 652 651 </Q>
553 <Q> 562 563 653 652 </Q>
554 <Q> 563 564 654 653 </Q>
555 <Q> 564 565 655 654 </Q>
556 <Q> 565 566 656 655 </Q>
557 <Q> 566 567 657 656 </Q>
558 <Q> 567 568 658 657 </Q>
559 <Q> 27 569 659 28 </Q>
560 <Q> 569 570 660 659 </Q>
561 <Q> 570 571 661 660 </Q>
562 <Q> 571 572 662 661 </Q>
563 <Q> 572 573 663 662 </Q>
564 <Q> 573 574 664 663 </Q>
565 <Q> 574 575 665 664 </Q>
566 <Q> 575 576 666 665 </Q>
567 <Q> 576 577 667 666 </Q>
568 <Q> 577 578 668 667 </Q>
569 <Q> 578 579 669 668 </Q>
570 <Q> 579 580 670 669 </Q>
571 <Q> 580 581 671 670 </Q>
572 <Q> 581 582 672 671 </Q>
573 <Q> 582 583 673 672 </Q>
574 <Q> 583 584 674 673 </Q>
575 <Q> 584 585 675 674 </Q>
576 <Q> 585 586 676 675 </Q>
577 <Q> 586 587 677 676 </Q>
578 <Q> 587 588 678 677 </Q>
579 <Q> 588 589 679 678 </Q>
580 <Q> 589 590 680 679 </Q>
581 <Q> 590 591 681 680 </Q>
582 <Q> 591 592 682 681 </Q>
583 <Q> 592 593 683 682 </Q>
584 <Q> 593 594 684 683 </Q>
585 <Q> 594 595 685 684 </Q>
586 <Q> 595 596 686 685 </Q>
587 <Q> 596 597 687 686 </Q>
588 <Q> 597 598 688 687 </Q>
589 <Q> 598 599 689 688 </Q>
590 <Q> 599 600 690 689 </Q>
591 <Q> 600 601 691 690 </Q>
592 <Q> 601 602 692 691 </Q>
593 <Q> 602 603 693 692 </Q>
594 <Q> 603 604 694 693 </Q>
595 <Q> 604 605 695 694 </Q>
596 <Q> 605 606 696 695 </Q>
597 <Q> 606 607 697 696 </Q>
598 <Q> 607 608 698 697 </Q>
599 <Q> 608 609 699 698 </Q>
600 <Q> 609 610 700 699 </Q>
601 <Q> 610 611 701 700 </Q>
602 <Q> 611 612 702 701 </Q>
603 <Q> 612 613 703 702 </Q>
604 <Q> 613 614 704 703 </Q>
605 <Q> 614 615 705 704 </Q>
606 <Q> 615 616 706 705 </Q>
607 <Q> 616 617 707 706 </Q>
608 <Q> 617 618 708 707 </Q>
609 <Q> 618 619 709 708 </Q>
610 <Q> 619 620 710 709 </Q>
611 <Q> 620 621 711 710 </Q>
612 <Q> 621 622 712 711 </Q>
613 <Q> 622 623 713 712 </Q>
614 <Q> 623 624 714 713 </Q>
615 <Q> 624 625 715 714 </Q>
616 <Q> 625 626 716 715 </Q>
617 <Q> 626 627 717 716 </Q>
618 <Q> 627 628 718 717 </Q>
619 <Q> 628 629 719 718 </Q>
620 <Q> 629 630 720 719 </Q>
621 <Q> 630 631 721 720 </Q>
622 <Q> 631 632 722 721 </Q>
623 <Q> 632 633 723 722 </Q>
624 <Q> 633 634 724 723 </Q>
625 <Q> 634 635 725 724 </Q>
626 <Q> 635 636 726 725 </Q>
627 <Q> 636 637 727 726 </Q>
628 <Q> 637 638 728 727 </Q>
629 <Q> 638 639 729 728 </Q>
630 <Q> 639 640 730 729 </Q>
631 <Q> 640 641 731 730 </Q>
632 <Q> 641 642 732 731 </Q>
633 <Q> 642 643 733 732 </Q>
634 <Q> 643 644 734 733 </Q>
635 <Q> 644 645 735 734 </Q>
636 <Q> 645 646 736 735 </Q>
637 <Q> 646 647 737 736 </Q>
638 <Q> 647 648 738 737 </Q>
639 <Q> 648 649 739 738 </Q>
640 <Q> 649 650 740 739 </Q>
641 <Q> 650 651 741 740 </Q>
642 <Q> 651 652 742 741 </Q>
643 <Q> 652 653 743 742 </Q>
644 <Q> 653 654 744 743 </Q>
645 <Q> 654 655 745 744 </Q>
646 <Q> 655 656 746 745 </Q>
647 <Q> 656 657 747 746 </Q>
648 <Q> 657 658 748 747 </Q>
</ELEMENTS>

<SURFACES NUMBER=198>
1 1 1 <B> a </B>
2 2 1 <B> a </B>
3 11 1 <B> a </B>
4 19 1 <B> a </B>
5 20 1 <B> a </B>
6 21 1 <B> a </B>
7 22 1 <B> a </B>
8 23 1 <B> a </B>
9 24 1 <B> a </B>
10 25 1 <B> a </B>
11 26 1 <B> a </B>
12 27 1 <B> a </B>
13 28 1 <B> a </B>
14 29 1 <B> a </B>
15 30 1 <B> a </B>
16 31 1 <B> a </B>
17 32 1 <B> a </B>
18 33 1 <B> a </B>
19 34 1 <B> a </B>
20 35 1 <B> a </B>
21 36 1 <B> a </B>
22 37 1 <B> a </B>
23 38 1 <B> a </B>
24 39 1 <B> a </B>
25 40 1 <B> a </B>
26 41 1 <B> a </B>
27 42 1 <B> a </B>
28 43 1 <B> a </B>
29 44 1 <B> a </B>
30 45 1 <B> a </B>
31 46 1 <B> a </B>
32 47 1 <B> a </B>
33 48 1 <B> a </B>
34 49 1 <B> a </B>
35 50 1 <B> a </B>
36 51 1 <B> a </B>
37 52 1 <B> a </B>
38 53 1 <B> a </B>
39 54 1 <B> a </B>
40 55 1 <B> a </B>
41 56 1 <B> a </B>
42 57 1 <B> a </B>
43 58 1 <B> a </B>
44 59 1 <B> a </B>
45 60 1 <B> a </B>
46 61 1 <B> a </B>
47 62 1 <B> a </B>
48 63 1 <B> a </B>
49 64 1 <B> a </B>
50 65 1 <B> a </B>
51 66 1 <B> a </B>
52 67 1 <B> a </B>
53 68 1 <B> a </B>
54 69 1 <B> a </B>
55 70 1 <B> a </B>
56 71 1 <B> a </B>
57 72 1 <B> a </B>
58 73 1 <B> a </B>
59 74 1 <B> a </B>
60 75 1 <B> a </B>
61 76 1 <B> a </B>
62 77 1 <B> a </B>
63 78 1 <B> a </B>
64 79 1 <B> a </B>
65 80 1 <B> a </B>
66 81 1 <B> a </B>
67 82 1 <B> a </B>
68 83 1 <B> a </B>
69 84 1 <B> a </B>
70 85 1 <B> a </B>
71 86 1 <B> a </B>
72 87 1 <B> a </B>
73 88 1 <B> a </B>
74 89 1 <B> a </B>
75 90 1 <B> a </B>
76 91 1 <B> a </B>
77 92 1 <B> a </B>
78 93 1 <B> a </B>
79 94 1 <B> a </B>
80 95 1 <B> a </B>
81 96 1 <B> a </B>
82 97 1 <B> a </B>
83 98 1 <B> a </B>
84 99 1 <B> a </B>
85 100 1 <B> a </B>
86 101 1 <B> a </B>
87 102 1 <B> a </B>
88 103 1 <B> a </B>
89 104 1 <B> a </B>
90 105 1 <B> a </B>
91 106 1 <B> a </B>
92 107 1 <B> a </B>
93 108 1 <B> a </B>
94 108 2 <B> o </B>
95 198 2 <B> o </B>
96 288 2 <B> o </B>
97 378 2 <B> o </B>
98 468 2 <B> o </B>
99 558 2 <B> o </B>
100 648 2 <B> o </B>
101 9 3 <B> w </B>
102 559 3 <B> w </B>
103 560 3 <B> w </B>
104 561 3 <B> w </B>
105 562 3 <B> w </B>
106 563 3 <B> w </B>
107 564 3 <B> w </B>
108 565 3 <B> w </B>
109 566 3 <B> w </B>
110 567 3 <B> w </B>
111 568 3 <B> w </B>
112 569 3 <B> w </B>
113 570 3 <B> w </B>
114 571 3 <B> w </B>
115 572 3 <B> w </B>
116 573 3 <B> w </B>
117 574 3 <B> w </B>
118 575 3 <B> w </B>
119 576 3 <B> w </B>
120 577 3 <B> w </B>
121 578 3 <B> w </B>
122 579 3 <B> w </B>
123 580 3 <B> w </B>
124 581 3 <B> w </B>
125 582 3 <B> w </B>
126 583 3 <B> w </B>
127 584 3 <B> w </B>
128 585 3 <B> w </B>
129 586 3 <B> w </B>
130 587 3 <B> w </B>
131 588 3 <B> w </B>
132 589 3 <B> w </B>
133 590 3 <B> w </B>
134 591 3 <B> w </B>
135 592 3 <B> w </B>
136 593 3 <B> w </B>
137 594 3 <B> w </B>
138 595 3 <B> w </B>
139 596 3 <B> w </B>
140 597 3 <B> w </B>
141 598 3 <B> w </B>
142 599 3 <B> w </B>
143 600 3 <B> w </B>
144 601 3 <B> w </B>
145 602 3 <B> w </B>
146 603 3 <B> w </B>
147 604 3 <B> w </B>
148 605 3 <B> w </B>
149 606 3 <B> w </B>
150 607 3 <B> w </B>
151 608 3 <B> w </B>
152 609 3 <B> w </B>
153 610 3 <B> w </B>
154 611 3 <B> w </B>
155 612 3 <B> w </B>
156 613 3 <B> w </B>
157 614 3 <B> w </B>
158 615 3 <B> w </B>
159 616 3 <B> w </B>
160 617 3 <B> w </B>
161 618 3 <B> w </B>
162 619 3 <B> w </B>
163 620 3 <B> w </B>
164 621 3 <B> w </B>
165 622 3 <B> w </B>
166 623 3 <B> w </B>
167 624 3 <B> w </B>
168 625 3 <B> w </B>
169 626 3 <B> w </B>
170 627 3 <B> w </B>
171 628 3 <B> w </B>
172 629 3 <B> w </B>
173 630 3 <B> w </B>
174 631 3 <B> w </B>
175 632 3 <B> w </B>
176 633 3 <B> w </B>
177 634 3 <B> w </B>
178 635 3 <B> w </B>
179 636 3 <B> w </B>
180 637 3 <B> w </B>
181 638 3 <B> w </B>
182 639 3 <B> w </B>
183 640 3 <B> w </B>
184 641 3 <B> w </B>
185 642 3 <B> w </B>
186 643 3 <B> w </B>
187 644 3 <B> w </B>
188 645 3 <B> w </B>
189 646 3 <B> w </B>
190 647 3 <B> w </B>
191 648 3 <B> w </B>
192 1 4 <B> v </B>
193 3 4 <B> v </B>
194 5 4 <B> v </B>
195 7 4 <B> v </B>
196 9 4 <B> v </B>
197 10 3 <B> w </B>
198 18 3 <B> w </B>
</SURFACES>


<CURVES NUMBER=11>
    1  559    3    <SPLINE> Msten50_25D.geom </SPLINE>
    2  560    3    <SPLINE> Msten50_25D.geom </SPLINE>
    3  561    3    <SPLINE> Msten50_25D.geom </SPLINE>
    4  562    3    <SPLINE> Msten50_25D.geom </SPLINE>
    5  563    3    <SPLINE> Msten50_25D.geom </SPLINE>
    6  564    3    <SPLINE> Msten50_25D.geom </SPLINE>
    7  565    3    <SPLINE> Msten50_25D.geom </SPLINE>
    8  566    3    <SPLINE> Msten50_25D.geom </SPLINE>
    9  567    3    <SPLINE> Msten50_25D.geom </SPLINE>
   10  568    3    <SPLINE> Msten50_25D.geom </SPLINE>
   11  569    3    <SPLINE> Msten50_25D.geom </SPLINE>
</CURVES>
