<FIELDS NUMBER=4>
        u       v       w	p
</FIELDS>

<TOKENS>
        CYLINDRICAL  = 1
        KINVIS       = 1/450
        URED         = 0.5
        STEPS_PERIOD = 1*1024
        D_T          = URED/STEPS_PERIOD
        N_PERIOD     = 1
        N_STEP       = N_PERIOD*STEPS_PERIOD
        N_P          = 8
        N_Z          = 1
        K_FUND=4
        BETA         = K_FUND
        IO_CFL       = 64
        IO_HIS       = STEPS_PERIOD/256
        IO_FLD       = STEPS_PERIOD/128
        CHKPOINT     = 0

	N_BASE       = 2
	N_SLICE      = 128
	BASE_PERIOD  = URED
</TOKENS>

<HISTORY NUMBER=4>
        1       5       0.25    0
        2       6       0.25    0
        3       27      0.25    0
        4       48      0.25    0
</HISTORY> 

<GROUPS NUMBER=4>
        1       w       wall
        2       v       velocity
        3       o       exit
        4       a       axis
</GROUPS>

<BCS NUMBER=4>
1       w       4
  <D> u = 0.0 </D>
  <D> v = 0.0 </D>
  <D> w = 0.0 </D>
  <H> p       </H>
2       v       4
  <D> u = womcos(y,0.5,KINVIS,0,t)+0.75*womsin(y,0.5,KINVIS,2*PI/URED,t) </D>
  <D> v = 0.0 </D>
  <D> w = 0.0 </D>
  <H> p       </H>
3       o       4
  <N> u = 0.0 </N>
  <N> v = 0.0 </N>
  <N> w = 0.0 </N>
  <D> p = 0.0 </D>
4       a       4
  <A> u = 0.0 </A>
  <A> v = 0.0 </A>
  <A> w = 0.0 </A>
  <A> p = 0.0 </A>
</BCS>

<NODES NUMBER=940>
 1 0.000000 0.000000 0.000000 
 2 1.500000 0.000000 0.000000 
 3 1.500000 0.100000 0.000000 
 4 0.000000 0.100000 0.000000 
 5 3.000000 0.000000 0.000000 
 6 3.000000 0.100000 0.000000 
 7 1.500000 0.200000 0.000000 
 8 0.000000 0.200000 0.000000 
 9 3.000000 0.200000 0.000000 
 10 1.500000 0.300000 0.000000 
 11 0.000000 0.300000 0.000000 
 12 3.000000 0.300000 0.000000 
 13 1.500000 0.400000 0.000000 
 14 0.000000 0.400000 0.000000 
 15 3.000000 0.400000 0.000000 
 16 1.500000 0.500000 0.000000 
 17 0.000000 0.500000 0.000000 
 18 3.000000 0.500000 0.000000 
 19 4.000000 0.000000 0.000000 
 20 4.000000 0.100000 0.000000 
 21 4.000000 0.200000 0.000000 
 22 4.000000 0.300000 0.000000 
 23 4.000000 0.400000 0.000000 
 24 4.000000 0.450000 0.000000 
 25 3.500000 0.450000 0.000000 
 26 3.500000 0.475000 0.000000 
 27 4.000000 0.475000 0.000000 
 28 4.000000 0.500000 0.000000 
 29 4.250000 0.000000 0.000000 
 30 4.250000 0.092678 0.000000 
 31 4.500000 0.000000 0.000000 
 32 4.500000 0.075000 0.000000 
 33 4.700000 0.000000 0.000000 
 34 4.700000 0.060305 0.000000 
 35 4.900000 0.000000 0.000000 
 36 4.900000 0.051224 0.000000 
 37 5.100000 0.000000 0.000000 
 38 5.100000 0.051224 0.000000 
 39 5.250000 0.000000 0.000000 
 40 5.250000 0.057322 0.000000 
 41 5.400000 0.000000 0.000000 
 42 5.400000 0.067275 0.000000 
 43 5.550000 0.000000 0.000000 
 44 5.550000 0.078911 0.000000 
 45 5.700000 0.000000 0.000000 
 46 5.700000 0.089695 0.000000 
 47 5.850000 0.000000 0.000000 
 48 5.850000 0.097275 0.000000 
 49 6.000000 0.000000 0.000000 
 50 6.000000 0.100000 0.000000 
 51 6.150000 0.000000 0.000000 
 52 6.150000 0.100000 0.000000 
 53 6.300000 0.000000 0.000000 
 54 6.300000 0.100000 0.000000 
 55 6.450000 0.000000 0.000000 
 56 6.450000 0.100000 0.000000 
 57 6.600000 0.000000 0.000000 
 58 6.600000 0.100000 0.000000 
 59 6.750000 0.000000 0.000000 
 60 6.750000 0.100000 0.000000 
 61 6.900000 0.000000 0.000000 
 62 6.900000 0.100000 0.000000 
 63 7.050000 0.000000 0.000000 
 64 7.050000 0.100000 0.000000 
 65 7.250000 0.000000 0.000000 
 66 7.250000 0.100000 0.000000 
 67 7.500000 0.000000 0.000000 
 68 7.500000 0.100000 0.000000 
 69 7.750000 0.000000 0.000000 
 70 7.750000 0.100000 0.000000 
 71 8.000000 0.000000 0.000000 
 72 8.000000 0.100000 0.000000 
 73 8.250000 0.000000 0.000000 
 74 8.250000 0.100000 0.000000 
 75 8.500000 0.000000 0.000000 
 76 8.500000 0.100000 0.000000 
 77 8.750000 0.000000 0.000000 
 78 8.750000 0.100000 0.000000 
 79 9.000000 0.000000 0.000000 
 80 9.000000 0.100000 0.000000 
 81 9.250000 0.000000 0.000000 
 82 9.250000 0.100000 0.000000 
 83 9.500000 0.000000 0.000000 
 84 9.500000 0.100000 0.000000 
 85 9.750000 0.000000 0.000000 
 86 9.750000 0.100000 0.000000 
 87 10.000000 0.000000 0.000000 
 88 10.000000 0.100000 0.000000 
 89 10.250000 0.000000 0.000000 
 90 10.250000 0.100000 0.000000 
 91 10.500000 0.000000 0.000000 
 92 10.500000 0.100000 0.000000 
 93 10.750000 0.000000 0.000000 
 94 10.750000 0.100000 0.000000 
 95 11.000000 0.000000 0.000000 
 96 11.000000 0.100000 0.000000 
 97 11.250000 0.000000 0.000000 
 98 11.250000 0.100000 0.000000 
 99 11.500000 0.000000 0.000000 
 100 11.500000 0.100000 0.000000 
 101 11.750000 0.000000 0.000000 
 102 11.750000 0.100000 0.000000 
 103 12.000000 0.000000 0.000000 
 104 12.000000 0.100000 0.000000 
 105 4.250000 0.185355 0.000000 
 106 4.500000 0.150000 0.000000 
 107 4.700000 0.120611 0.000000 
 108 4.900000 0.102447 0.000000 
 109 5.100000 0.102447 0.000000 
 110 5.250000 0.114645 0.000000 
 111 5.400000 0.134549 0.000000 
 112 5.550000 0.157822 0.000000 
 113 5.700000 0.179389 0.000000 
 114 5.850000 0.194550 0.000000 
 115 6.000000 0.200000 0.000000 
 116 6.150000 0.200000 0.000000 
 117 6.300000 0.200000 0.000000 
 118 6.450000 0.200000 0.000000 
 119 6.600000 0.200000 0.000000 
 120 6.750000 0.200000 0.000000 
 121 6.900000 0.200000 0.000000 
 122 7.050000 0.200000 0.000000 
 123 7.250000 0.200000 0.000000 
 124 7.500000 0.200000 0.000000 
 125 7.750000 0.200000 0.000000 
 126 8.000000 0.200000 0.000000 
 127 8.250000 0.200000 0.000000 
 128 8.500000 0.200000 0.000000 
 129 8.750000 0.200000 0.000000 
 130 9.000000 0.200000 0.000000 
 131 9.250000 0.200000 0.000000 
 132 9.500000 0.200000 0.000000 
 133 9.750000 0.200000 0.000000 
 134 10.000000 0.200000 0.000000 
 135 10.250000 0.200000 0.000000 
 136 10.500000 0.200000 0.000000 
 137 10.750000 0.200000 0.000000 
 138 11.000000 0.200000 0.000000 
 139 11.250000 0.200000 0.000000 
 140 11.500000 0.200000 0.000000 
 141 11.750000 0.200000 0.000000 
 142 12.000000 0.200000 0.000000 
 143 4.250000 0.278033 0.000000 
 144 4.500000 0.225000 0.000000 
 145 4.700000 0.180916 0.000000 
 146 4.900000 0.153671 0.000000 
 147 5.100000 0.153671 0.000000 
 148 5.250000 0.171967 0.000000 
 149 5.400000 0.201824 0.000000 
 150 5.550000 0.236733 0.000000 
 151 5.700000 0.269084 0.000000 
 152 5.850000 0.291825 0.000000 
 153 6.000000 0.300000 0.000000 
 154 6.150000 0.300000 0.000000 
 155 6.300000 0.300000 0.000000 
 156 6.450000 0.300000 0.000000 
 157 6.600000 0.300000 0.000000 
 158 6.750000 0.300000 0.000000 
 159 6.900000 0.300000 0.000000 
 160 7.050000 0.300000 0.000000 
 161 7.250000 0.300000 0.000000 
 162 7.500000 0.300000 0.000000 
 163 7.750000 0.300000 0.000000 
 164 8.000000 0.300000 0.000000 
 165 8.250000 0.300000 0.000000 
 166 8.500000 0.300000 0.000000 
 167 8.750000 0.300000 0.000000 
 168 9.000000 0.300000 0.000000 
 169 9.250000 0.300000 0.000000 
 170 9.500000 0.300000 0.000000 
 171 9.750000 0.300000 0.000000 
 172 10.000000 0.300000 0.000000 
 173 10.250000 0.300000 0.000000 
 174 10.500000 0.300000 0.000000 
 175 10.750000 0.300000 0.000000 
 176 11.000000 0.300000 0.000000 
 177 11.250000 0.300000 0.000000 
 178 11.500000 0.300000 0.000000 
 179 11.750000 0.300000 0.000000 
 180 12.000000 0.300000 0.000000 
 181 4.250000 0.370711 0.000000 
 182 4.500000 0.300000 0.000000 
 183 4.700000 0.241221 0.000000 
 184 4.900000 0.204894 0.000000 
 185 5.100000 0.204894 0.000000 
 186 5.250000 0.229289 0.000000 
 187 5.400000 0.269098 0.000000 
 188 5.550000 0.315643 0.000000 
 189 5.700000 0.358779 0.000000 
 190 5.850000 0.389101 0.000000 
 191 6.000000 0.400000 0.000000 
 192 6.150000 0.400000 0.000000 
 193 6.300000 0.400000 0.000000 
 194 6.450000 0.400000 0.000000 
 195 6.600000 0.400000 0.000000 
 196 6.750000 0.400000 0.000000 
 197 6.900000 0.400000 0.000000 
 198 7.050000 0.400000 0.000000 
 199 7.250000 0.400000 0.000000 
 200 7.500000 0.400000 0.000000 
 201 7.750000 0.400000 0.000000 
 202 8.000000 0.400000 0.000000 
 203 8.250000 0.400000 0.000000 
 204 8.500000 0.400000 0.000000 
 205 8.750000 0.400000 0.000000 
 206 9.000000 0.400000 0.000000 
 207 9.250000 0.400000 0.000000 
 208 9.500000 0.400000 0.000000 
 209 9.750000 0.400000 0.000000 
 210 10.000000 0.400000 0.000000 
 211 10.250000 0.400000 0.000000 
 212 10.500000 0.400000 0.000000 
 213 10.750000 0.400000 0.000000 
 214 11.000000 0.400000 0.000000 
 215 11.250000 0.400000 0.000000 
 216 11.500000 0.400000 0.000000 
 217 11.750000 0.400000 0.000000 
 218 12.000000 0.400000 0.000000 
 219 4.250000 0.417050 0.000000 
 220 4.500000 0.337500 0.000000 
 221 4.700000 0.271374 0.000000 
 222 4.900000 0.230506 0.000000 
 223 5.100000 0.230506 0.000000 
 224 5.250000 0.257950 0.000000 
 225 5.400000 0.302736 0.000000 
 226 5.550000 0.355099 0.000000 
 227 5.700000 0.403626 0.000000 
 228 5.850000 0.437738 0.000000 
 229 6.000000 0.450000 0.000000 
 230 6.150000 0.450000 0.000000 
 231 6.300000 0.450000 0.000000 
 232 6.450000 0.450000 0.000000 
 233 6.600000 0.450000 0.000000 
 234 6.750000 0.450000 0.000000 
 235 6.900000 0.450000 0.000000 
 236 7.050000 0.450000 0.000000 
 237 7.250000 0.450000 0.000000 
 238 7.500000 0.450000 0.000000 
 239 7.750000 0.450000 0.000000 
 240 8.000000 0.450000 0.000000 
 241 8.250000 0.450000 0.000000 
 242 8.500000 0.450000 0.000000 
 243 8.750000 0.450000 0.000000 
 244 9.000000 0.450000 0.000000 
 245 9.250000 0.450000 0.000000 
 246 9.500000 0.450000 0.000000 
 247 9.750000 0.450000 0.000000 
 248 10.000000 0.450000 0.000000 
 249 10.250000 0.450000 0.000000 
 250 10.500000 0.450000 0.000000 
 251 10.750000 0.450000 0.000000 
 252 11.000000 0.450000 0.000000 
 253 11.250000 0.450000 0.000000 
 254 11.500000 0.450000 0.000000 
 255 11.750000 0.450000 0.000000 
 256 12.000000 0.450000 0.000000 
 257 4.250000 0.440219 0.000000 
 258 4.500000 0.356250 0.000000 
 259 4.700000 0.286451 0.000000 
 260 4.900000 0.243312 0.000000 
 261 5.100000 0.243312 0.000000 
 262 5.250000 0.272281 0.000000 
 263 5.400000 0.319554 0.000000 
 264 5.550000 0.374827 0.000000 
 265 5.700000 0.426049 0.000000 
 266 5.850000 0.462057 0.000000 
 267 6.000000 0.475000 0.000000 
 268 6.150000 0.475000 0.000000 
 269 6.300000 0.475000 0.000000 
 270 6.450000 0.475000 0.000000 
 271 6.600000 0.475000 0.000000 
 272 6.750000 0.475000 0.000000 
 273 6.900000 0.475000 0.000000 
 274 7.050000 0.475000 0.000000 
 275 7.250000 0.475000 0.000000 
 276 7.500000 0.475000 0.000000 
 277 7.750000 0.475000 0.000000 
 278 8.000000 0.475000 0.000000 
 279 8.250000 0.475000 0.000000 
 280 8.500000 0.475000 0.000000 
 281 8.750000 0.475000 0.000000 
 282 9.000000 0.475000 0.000000 
 283 9.250000 0.475000 0.000000 
 284 9.500000 0.475000 0.000000 
 285 9.750000 0.475000 0.000000 
 286 10.000000 0.475000 0.000000 
 287 10.250000 0.475000 0.000000 
 288 10.500000 0.475000 0.000000 
 289 10.750000 0.475000 0.000000 
 290 11.000000 0.475000 0.000000 
 291 11.250000 0.475000 0.000000 
 292 11.500000 0.475000 0.000000 
 293 11.750000 0.475000 0.000000 
 294 12.000000 0.475000 0.000000 
 295 4.250000 0.463388 0.000000 
 296 4.500000 0.375000 0.000000 
 297 4.700000 0.301527 0.000000 
 298 4.900000 0.256118 0.000000 
 299 5.100000 0.256118 0.000000 
 300 5.250000 0.286612 0.000000 
 301 5.400000 0.336373 0.000000 
 302 5.550000 0.394554 0.000000 
 303 5.700000 0.448473 0.000000 
 304 5.850000 0.486376 0.000000 
 305 6.000000 0.500000 0.000000 
 306 6.150000 0.500000 0.000000 
 307 6.300000 0.500000 0.000000 
 308 6.450000 0.500000 0.000000 
 309 6.600000 0.500000 0.000000 
 310 6.750000 0.500000 0.000000 
 311 6.900000 0.500000 0.000000 
 312 7.050000 0.500000 0.000000 
 313 7.250000 0.500000 0.000000 
 314 7.500000 0.500000 0.000000 
 315 7.750000 0.500000 0.000000 
 316 8.000000 0.500000 0.000000 
 317 8.250000 0.500000 0.000000 
 318 8.500000 0.500000 0.000000 
 319 8.750000 0.500000 0.000000 
 320 9.000000 0.500000 0.000000 
 321 9.250000 0.500000 0.000000 
 322 9.500000 0.500000 0.000000 
 323 9.750000 0.500000 0.000000 
 324 10.000000 0.500000 0.000000 
 325 10.250000 0.500000 0.000000 
 326 10.500000 0.500000 0.000000 
 327 10.750000 0.500000 0.000000 
 328 11.000000 0.500000 0.000000 
 329 11.250000 0.500000 0.000000 
 330 11.500000 0.500000 0.000000 
 331 11.750000 0.500000 0.000000 
 332 12.000000 0.500000 0.000000 
 333 12.500000 0.000000 0.000000 
 334 12.500000 0.100000 0.000000 
 335 12.250000 0.200000 0.000000 
 336 12.250000 0.300000 0.000000 
 337 12.500000 0.400000 0.000000 
 338 12.250000 0.450000 0.000000 
 339 12.250000 0.475000 0.000000 
 340 12.500000 0.500000 0.000000 
 341 12.750000 0.000000 0.000000 
 342 12.750000 0.100000 0.000000 
 343 13.000000 0.000000 0.000000 
 344 13.000000 0.100000 0.000000 
 345 13.250000 0.000000 0.000000 
 346 13.250000 0.100000 0.000000 
 347 13.500000 0.000000 0.000000 
 348 13.500000 0.100000 0.000000 
 349 13.750000 0.000000 0.000000 
 350 13.750000 0.100000 0.000000 
 351 14.000000 0.000000 0.000000 
 352 14.000000 0.100000 0.000000 
 353 14.250000 0.000000 0.000000 
 354 14.250000 0.100000 0.000000 
 355 14.500000 0.000000 0.000000 
 356 14.500000 0.100000 0.000000 
 357 14.750000 0.000000 0.000000 
 358 14.750000 0.100000 0.000000 
 359 15.000000 0.000000 0.000000 
 360 15.000000 0.100000 0.000000 
 361 15.250000 0.000000 0.000000 
 362 15.250000 0.100000 0.000000 
 363 15.500000 0.000000 0.000000 
 364 15.500000 0.100000 0.000000 
 365 15.750000 0.000000 0.000000 
 366 15.750000 0.100000 0.000000 
 367 16.000000 0.000000 0.000000 
 368 16.000000 0.100000 0.000000 
 369 16.250000 0.000000 0.000000 
 370 16.250000 0.100000 0.000000 
 371 16.500000 0.000000 0.000000 
 372 16.500000 0.100000 0.000000 
 373 16.750000 0.000000 0.000000 
 374 16.750000 0.100000 0.000000 
 375 17.000000 0.000000 0.000000 
 376 17.000000 0.100000 0.000000 
 377 17.250000 0.000000 0.000000 
 378 17.250000 0.100000 0.000000 
 379 17.500000 0.000000 0.000000 
 380 17.500000 0.100000 0.000000 
 381 17.750000 0.000000 0.000000 
 382 17.750000 0.100000 0.000000 
 383 18.000000 0.000000 0.000000 
 384 18.000000 0.100000 0.000000 
 385 18.250000 0.000000 0.000000 
 386 18.250000 0.100000 0.000000 
 387 18.500000 0.000000 0.000000 
 388 18.500000 0.100000 0.000000 
 389 18.750000 0.000000 0.000000 
 390 18.750000 0.100000 0.000000 
 391 19.000000 0.000000 0.000000 
 392 19.000000 0.100000 0.000000 
 393 19.250000 0.000000 0.000000 
 394 19.250000 0.100000 0.000000 
 395 19.500000 0.000000 0.000000 
 396 19.500000 0.100000 0.000000 
 397 19.750000 0.000000 0.000000 
 398 19.750000 0.100000 0.000000 
 399 20.000000 0.000000 0.000000 
 400 20.000000 0.100000 0.000000 
 401 20.250000 0.000000 0.000000 
 402 20.250000 0.100000 0.000000 
 403 20.500000 0.000000 0.000000 
 404 20.500000 0.100000 0.000000 
 405 20.750000 0.000000 0.000000 
 406 20.750000 0.100000 0.000000 
 407 21.000000 0.000000 0.000000 
 408 21.000000 0.100000 0.000000 
 409 21.250000 0.000000 0.000000 
 410 21.250000 0.100000 0.000000 
 411 21.500000 0.000000 0.000000 
 412 21.500000 0.100000 0.000000 
 413 21.750000 0.000000 0.000000 
 414 21.750000 0.100000 0.000000 
 415 22.000000 0.000000 0.000000 
 416 22.000000 0.100000 0.000000 
 417 22.250000 0.000000 0.000000 
 418 22.250000 0.100000 0.000000 
 419 22.500000 0.000000 0.000000 
 420 22.500000 0.100000 0.000000 
 421 22.750000 0.000000 0.000000 
 422 22.750000 0.100000 0.000000 
 423 23.000000 0.000000 0.000000 
 424 23.000000 0.100000 0.000000 
 425 23.250000 0.000000 0.000000 
 426 23.250000 0.100000 0.000000 
 427 23.500000 0.000000 0.000000 
 428 23.500000 0.100000 0.000000 
 429 23.750000 0.000000 0.000000 
 430 23.750000 0.100000 0.000000 
 431 24.000000 0.000000 0.000000 
 432 24.000000 0.100000 0.000000 
 433 24.250000 0.000000 0.000000 
 434 24.250000 0.100000 0.000000 
 435 24.500000 0.000000 0.000000 
 436 24.500000 0.100000 0.000000 
 437 24.750000 0.000000 0.000000 
 438 24.750000 0.100000 0.000000 
 439 25.000000 0.000000 0.000000 
 440 25.000000 0.100000 0.000000 
 441 25.250000 0.000000 0.000000 
 442 25.250000 0.100000 0.000000 
 443 25.500000 0.000000 0.000000 
 444 25.500000 0.100000 0.000000 
 445 25.750000 0.000000 0.000000 
 446 25.750000 0.100000 0.000000 
 447 26.000000 0.000000 0.000000 
 448 26.000000 0.100000 0.000000 
 449 26.250000 0.000000 0.000000 
 450 26.250000 0.100000 0.000000 
 451 26.500000 0.000000 0.000000 
 452 26.500000 0.100000 0.000000 
 453 26.750000 0.000000 0.000000 
 454 26.750000 0.100000 0.000000 
 455 27.000000 0.000000 0.000000 
 456 27.000000 0.100000 0.000000 
 457 27.250000 0.000000 0.000000 
 458 27.250000 0.100000 0.000000 
 459 27.500000 0.000000 0.000000 
 460 27.500000 0.100000 0.000000 
 461 27.750000 0.000000 0.000000 
 462 27.750000 0.100000 0.000000 
 463 28.000000 0.000000 0.000000 
 464 28.000000 0.100000 0.000000 
 465 28.250000 0.000000 0.000000 
 466 28.250000 0.100000 0.000000 
 467 28.500000 0.000000 0.000000 
 468 28.500000 0.100000 0.000000 
 469 28.750000 0.000000 0.000000 
 470 28.750000 0.100000 0.000000 
 471 29.000000 0.000000 0.000000 
 472 29.000000 0.100000 0.000000 
 473 29.250000 0.000000 0.000000 
 474 29.250000 0.100000 0.000000 
 475 29.500000 0.000000 0.000000 
 476 29.500000 0.100000 0.000000 
 477 29.750000 0.000000 0.000000 
 478 29.750000 0.100000 0.000000 
 479 30.000000 0.000000 0.000000 
 480 30.000000 0.100000 0.000000 
 481 30.250000 0.000000 0.000000 
 482 30.250000 0.100000 0.000000 
 483 30.500000 0.000000 0.000000 
 484 30.500000 0.100000 0.000000 
 485 30.750000 0.000000 0.000000 
 486 30.750000 0.100000 0.000000 
 487 31.000000 0.000000 0.000000 
 488 31.000000 0.100000 0.000000 
 489 31.250000 0.000000 0.000000 
 490 31.250000 0.100000 0.000000 
 491 31.500000 0.000000 0.000000 
 492 31.500000 0.100000 0.000000 
 493 31.750000 0.000000 0.000000 
 494 31.750000 0.100000 0.000000 
 495 32.000000 0.000000 0.000000 
 496 32.000000 0.100000 0.000000 
 497 32.250000 0.000000 0.000000 
 498 32.250000 0.100000 0.000000 
 499 32.500000 0.000000 0.000000 
 500 32.500000 0.100000 0.000000 
 501 32.750000 0.000000 0.000000 
 502 32.750000 0.100000 0.000000 
 503 33.000000 0.000000 0.000000 
 504 33.000000 0.100000 0.000000 
 505 33.250000 0.000000 0.000000 
 506 33.250000 0.100000 0.000000 
 507 33.500000 0.000000 0.000000 
 508 33.500000 0.100000 0.000000 
 509 33.750000 0.000000 0.000000 
 510 33.750000 0.100000 0.000000 
 511 34.000000 0.000000 0.000000 
 512 34.000000 0.100000 0.000000 
 513 34.250000 0.000000 0.000000 
 514 34.250000 0.100000 0.000000 
 515 34.500000 0.000000 0.000000 
 516 34.500000 0.100000 0.000000 
 517 34.750000 0.000000 0.000000 
 518 34.750000 0.100000 0.000000 
 519 35.000000 0.000000 0.000000 
 520 35.000000 0.100000 0.000000 
 521 35.250000 0.000000 0.000000 
 522 35.250000 0.100000 0.000000 
 523 35.500000 0.000000 0.000000 
 524 35.500000 0.100000 0.000000 
 525 35.750000 0.000000 0.000000 
 526 35.750000 0.100000 0.000000 
 527 36.000000 0.000000 0.000000 
 528 36.000000 0.100000 0.000000 
 529 36.250000 0.000000 0.000000 
 530 36.250000 0.100000 0.000000 
 531 36.500000 0.000000 0.000000 
 532 36.500000 0.100000 0.000000 
 533 36.750000 0.000000 0.000000 
 534 36.750000 0.100000 0.000000 
 535 37.000000 0.000000 0.000000 
 536 37.000000 0.100000 0.000000 
 537 37.250000 0.000000 0.000000 
 538 37.250000 0.100000 0.000000 
 539 37.500000 0.000000 0.000000 
 540 37.500000 0.100000 0.000000 
 541 37.750000 0.000000 0.000000 
 542 37.750000 0.100000 0.000000 
 543 38.000000 0.000000 0.000000 
 544 38.000000 0.100000 0.000000 
 545 38.250000 0.000000 0.000000 
 546 38.250000 0.100000 0.000000 
 547 38.500000 0.000000 0.000000 
 548 38.500000 0.100000 0.000000 
 549 38.750000 0.000000 0.000000 
 550 38.750000 0.100000 0.000000 
 551 39.000000 0.000000 0.000000 
 552 39.000000 0.100000 0.000000 
 553 39.250000 0.000000 0.000000 
 554 39.250000 0.100000 0.000000 
 555 39.500000 0.000000 0.000000 
 556 39.500000 0.100000 0.000000 
 557 39.750000 0.000000 0.000000 
 558 39.750000 0.100000 0.000000 
 559 40.000000 0.000000 0.000000 
 560 40.000000 0.100000 0.000000 
 561 40.250000 0.000000 0.000000 
 562 40.250000 0.100000 0.000000 
 563 40.500000 0.000000 0.000000 
 564 40.500000 0.100000 0.000000 
 565 40.750000 0.000000 0.000000 
 566 40.750000 0.100000 0.000000 
 567 41.000000 0.000000 0.000000 
 568 41.000000 0.100000 0.000000 
 569 41.250000 0.000000 0.000000 
 570 41.250000 0.100000 0.000000 
 571 41.500000 0.000000 0.000000 
 572 41.500000 0.100000 0.000000 
 573 41.750000 0.000000 0.000000 
 574 41.750000 0.100000 0.000000 
 575 42.000000 0.000000 0.000000 
 576 42.000000 0.100000 0.000000 
 577 42.250000 0.000000 0.000000 
 578 42.250000 0.100000 0.000000 
 579 42.500000 0.000000 0.000000 
 580 42.500000 0.100000 0.000000 
 581 42.750000 0.000000 0.000000 
 582 42.750000 0.100000 0.000000 
 583 43.000000 0.000000 0.000000 
 584 43.000000 0.100000 0.000000 
 585 43.250000 0.000000 0.000000 
 586 43.250000 0.100000 0.000000 
 587 43.500000 0.000000 0.000000 
 588 43.500000 0.100000 0.000000 
 589 43.750000 0.000000 0.000000 
 590 43.750000 0.100000 0.000000 
 591 44.000000 0.000000 0.000000 
 592 44.000000 0.100000 0.000000 
 593 44.250000 0.000000 0.000000 
 594 44.250000 0.100000 0.000000 
 595 44.500000 0.000000 0.000000 
 596 44.500000 0.100000 0.000000 
 597 44.750000 0.000000 0.000000 
 598 44.750000 0.100000 0.000000 
 599 45.000000 0.000000 0.000000 
 600 45.000000 0.100000 0.000000 
 601 45.250000 0.000000 0.000000 
 602 45.250000 0.100000 0.000000 
 603 45.500000 0.000000 0.000000 
 604 45.500000 0.100000 0.000000 
 605 45.750000 0.000000 0.000000 
 606 45.750000 0.100000 0.000000 
 607 46.000000 0.000000 0.000000 
 608 46.000000 0.100000 0.000000 
 609 46.250000 0.000000 0.000000 
 610 46.250000 0.100000 0.000000 
 611 46.500000 0.000000 0.000000 
 612 46.500000 0.100000 0.000000 
 613 46.750000 0.000000 0.000000 
 614 46.750000 0.100000 0.000000 
 615 47.000000 0.000000 0.000000 
 616 47.000000 0.100000 0.000000 
 617 47.250000 0.000000 0.000000 
 618 47.250000 0.100000 0.000000 
 619 47.500000 0.000000 0.000000 
 620 47.500000 0.100000 0.000000 
 621 47.750000 0.000000 0.000000 
 622 47.750000 0.100000 0.000000 
 623 48.000000 0.000000 0.000000 
 624 48.000000 0.100000 0.000000 
 625 48.250000 0.000000 0.000000 
 626 48.250000 0.100000 0.000000 
 627 48.500000 0.000000 0.000000 
 628 48.500000 0.100000 0.000000 
 629 48.750000 0.000000 0.000000 
 630 48.750000 0.100000 0.000000 
 631 49.000000 0.000000 0.000000 
 632 49.000000 0.100000 0.000000 
 633 49.250000 0.000000 0.000000 
 634 49.250000 0.100000 0.000000 
 635 49.500000 0.000000 0.000000 
 636 49.500000 0.100000 0.000000 
 637 49.750000 0.000000 0.000000 
 638 49.750000 0.100000 0.000000 
 639 50.000000 0.000000 0.000000 
 640 50.000000 0.100000 0.000000 
 641 12.750000 0.400000 0.000000 
 642 13.000000 0.400000 0.000000 
 643 13.250000 0.400000 0.000000 
 644 13.500000 0.400000 0.000000 
 645 13.750000 0.400000 0.000000 
 646 14.000000 0.400000 0.000000 
 647 14.250000 0.400000 0.000000 
 648 14.500000 0.400000 0.000000 
 649 14.750000 0.400000 0.000000 
 650 15.000000 0.400000 0.000000 
 651 15.250000 0.400000 0.000000 
 652 15.500000 0.400000 0.000000 
 653 15.750000 0.400000 0.000000 
 654 16.000000 0.400000 0.000000 
 655 16.250000 0.400000 0.000000 
 656 16.500000 0.400000 0.000000 
 657 16.750000 0.400000 0.000000 
 658 17.000000 0.400000 0.000000 
 659 17.250000 0.400000 0.000000 
 660 17.500000 0.400000 0.000000 
 661 17.750000 0.400000 0.000000 
 662 18.000000 0.400000 0.000000 
 663 18.250000 0.400000 0.000000 
 664 18.500000 0.400000 0.000000 
 665 18.750000 0.400000 0.000000 
 666 19.000000 0.400000 0.000000 
 667 19.250000 0.400000 0.000000 
 668 19.500000 0.400000 0.000000 
 669 19.750000 0.400000 0.000000 
 670 20.000000 0.400000 0.000000 
 671 20.250000 0.400000 0.000000 
 672 20.500000 0.400000 0.000000 
 673 20.750000 0.400000 0.000000 
 674 21.000000 0.400000 0.000000 
 675 21.250000 0.400000 0.000000 
 676 21.500000 0.400000 0.000000 
 677 21.750000 0.400000 0.000000 
 678 22.000000 0.400000 0.000000 
 679 22.250000 0.400000 0.000000 
 680 22.500000 0.400000 0.000000 
 681 22.750000 0.400000 0.000000 
 682 23.000000 0.400000 0.000000 
 683 23.250000 0.400000 0.000000 
 684 23.500000 0.400000 0.000000 
 685 23.750000 0.400000 0.000000 
 686 24.000000 0.400000 0.000000 
 687 24.250000 0.400000 0.000000 
 688 24.500000 0.400000 0.000000 
 689 24.750000 0.400000 0.000000 
 690 25.000000 0.400000 0.000000 
 691 25.250000 0.400000 0.000000 
 692 25.500000 0.400000 0.000000 
 693 25.750000 0.400000 0.000000 
 694 26.000000 0.400000 0.000000 
 695 26.250000 0.400000 0.000000 
 696 26.500000 0.400000 0.000000 
 697 26.750000 0.400000 0.000000 
 698 27.000000 0.400000 0.000000 
 699 27.250000 0.400000 0.000000 
 700 27.500000 0.400000 0.000000 
 701 27.750000 0.400000 0.000000 
 702 28.000000 0.400000 0.000000 
 703 28.250000 0.400000 0.000000 
 704 28.500000 0.400000 0.000000 
 705 28.750000 0.400000 0.000000 
 706 29.000000 0.400000 0.000000 
 707 29.250000 0.400000 0.000000 
 708 29.500000 0.400000 0.000000 
 709 29.750000 0.400000 0.000000 
 710 30.000000 0.400000 0.000000 
 711 30.250000 0.400000 0.000000 
 712 30.500000 0.400000 0.000000 
 713 30.750000 0.400000 0.000000 
 714 31.000000 0.400000 0.000000 
 715 31.250000 0.400000 0.000000 
 716 31.500000 0.400000 0.000000 
 717 31.750000 0.400000 0.000000 
 718 32.000000 0.400000 0.000000 
 719 32.250000 0.400000 0.000000 
 720 32.500000 0.400000 0.000000 
 721 32.750000 0.400000 0.000000 
 722 33.000000 0.400000 0.000000 
 723 33.250000 0.400000 0.000000 
 724 33.500000 0.400000 0.000000 
 725 33.750000 0.400000 0.000000 
 726 34.000000 0.400000 0.000000 
 727 34.250000 0.400000 0.000000 
 728 34.500000 0.400000 0.000000 
 729 34.750000 0.400000 0.000000 
 730 35.000000 0.400000 0.000000 
 731 35.250000 0.400000 0.000000 
 732 35.500000 0.400000 0.000000 
 733 35.750000 0.400000 0.000000 
 734 36.000000 0.400000 0.000000 
 735 36.250000 0.400000 0.000000 
 736 36.500000 0.400000 0.000000 
 737 36.750000 0.400000 0.000000 
 738 37.000000 0.400000 0.000000 
 739 37.250000 0.400000 0.000000 
 740 37.500000 0.400000 0.000000 
 741 37.750000 0.400000 0.000000 
 742 38.000000 0.400000 0.000000 
 743 38.250000 0.400000 0.000000 
 744 38.500000 0.400000 0.000000 
 745 38.750000 0.400000 0.000000 
 746 39.000000 0.400000 0.000000 
 747 39.250000 0.400000 0.000000 
 748 39.500000 0.400000 0.000000 
 749 39.750000 0.400000 0.000000 
 750 40.000000 0.400000 0.000000 
 751 40.250000 0.400000 0.000000 
 752 40.500000 0.400000 0.000000 
 753 40.750000 0.400000 0.000000 
 754 41.000000 0.400000 0.000000 
 755 41.250000 0.400000 0.000000 
 756 41.500000 0.400000 0.000000 
 757 41.750000 0.400000 0.000000 
 758 42.000000 0.400000 0.000000 
 759 42.250000 0.400000 0.000000 
 760 42.500000 0.400000 0.000000 
 761 42.750000 0.400000 0.000000 
 762 43.000000 0.400000 0.000000 
 763 43.250000 0.400000 0.000000 
 764 43.500000 0.400000 0.000000 
 765 43.750000 0.400000 0.000000 
 766 44.000000 0.400000 0.000000 
 767 44.250000 0.400000 0.000000 
 768 44.500000 0.400000 0.000000 
 769 44.750000 0.400000 0.000000 
 770 45.000000 0.400000 0.000000 
 771 45.250000 0.400000 0.000000 
 772 45.500000 0.400000 0.000000 
 773 45.750000 0.400000 0.000000 
 774 46.000000 0.400000 0.000000 
 775 46.250000 0.400000 0.000000 
 776 46.500000 0.400000 0.000000 
 777 46.750000 0.400000 0.000000 
 778 47.000000 0.400000 0.000000 
 779 47.250000 0.400000 0.000000 
 780 47.500000 0.400000 0.000000 
 781 47.750000 0.400000 0.000000 
 782 48.000000 0.400000 0.000000 
 783 48.250000 0.400000 0.000000 
 784 48.500000 0.400000 0.000000 
 785 48.750000 0.400000 0.000000 
 786 49.000000 0.400000 0.000000 
 787 49.250000 0.400000 0.000000 
 788 49.500000 0.400000 0.000000 
 789 49.750000 0.400000 0.000000 
 790 50.000000 0.400000 0.000000 
 791 12.750000 0.500000 0.000000 
 792 13.000000 0.500000 0.000000 
 793 13.250000 0.500000 0.000000 
 794 13.500000 0.500000 0.000000 
 795 13.750000 0.500000 0.000000 
 796 14.000000 0.500000 0.000000 
 797 14.250000 0.500000 0.000000 
 798 14.500000 0.500000 0.000000 
 799 14.750000 0.500000 0.000000 
 800 15.000000 0.500000 0.000000 
 801 15.250000 0.500000 0.000000 
 802 15.500000 0.500000 0.000000 
 803 15.750000 0.500000 0.000000 
 804 16.000000 0.500000 0.000000 
 805 16.250000 0.500000 0.000000 
 806 16.500000 0.500000 0.000000 
 807 16.750000 0.500000 0.000000 
 808 17.000000 0.500000 0.000000 
 809 17.250000 0.500000 0.000000 
 810 17.500000 0.500000 0.000000 
 811 17.750000 0.500000 0.000000 
 812 18.000000 0.500000 0.000000 
 813 18.250000 0.500000 0.000000 
 814 18.500000 0.500000 0.000000 
 815 18.750000 0.500000 0.000000 
 816 19.000000 0.500000 0.000000 
 817 19.250000 0.500000 0.000000 
 818 19.500000 0.500000 0.000000 
 819 19.750000 0.500000 0.000000 
 820 20.000000 0.500000 0.000000 
 821 20.250000 0.500000 0.000000 
 822 20.500000 0.500000 0.000000 
 823 20.750000 0.500000 0.000000 
 824 21.000000 0.500000 0.000000 
 825 21.250000 0.500000 0.000000 
 826 21.500000 0.500000 0.000000 
 827 21.750000 0.500000 0.000000 
 828 22.000000 0.500000 0.000000 
 829 22.250000 0.500000 0.000000 
 830 22.500000 0.500000 0.000000 
 831 22.750000 0.500000 0.000000 
 832 23.000000 0.500000 0.000000 
 833 23.250000 0.500000 0.000000 
 834 23.500000 0.500000 0.000000 
 835 23.750000 0.500000 0.000000 
 836 24.000000 0.500000 0.000000 
 837 24.250000 0.500000 0.000000 
 838 24.500000 0.500000 0.000000 
 839 24.750000 0.500000 0.000000 
 840 25.000000 0.500000 0.000000 
 841 25.250000 0.500000 0.000000 
 842 25.500000 0.500000 0.000000 
 843 25.750000 0.500000 0.000000 
 844 26.000000 0.500000 0.000000 
 845 26.250000 0.500000 0.000000 
 846 26.500000 0.500000 0.000000 
 847 26.750000 0.500000 0.000000 
 848 27.000000 0.500000 0.000000 
 849 27.250000 0.500000 0.000000 
 850 27.500000 0.500000 0.000000 
 851 27.750000 0.500000 0.000000 
 852 28.000000 0.500000 0.000000 
 853 28.250000 0.500000 0.000000 
 854 28.500000 0.500000 0.000000 
 855 28.750000 0.500000 0.000000 
 856 29.000000 0.500000 0.000000 
 857 29.250000 0.500000 0.000000 
 858 29.500000 0.500000 0.000000 
 859 29.750000 0.500000 0.000000 
 860 30.000000 0.500000 0.000000 
 861 30.250000 0.500000 0.000000 
 862 30.500000 0.500000 0.000000 
 863 30.750000 0.500000 0.000000 
 864 31.000000 0.500000 0.000000 
 865 31.250000 0.500000 0.000000 
 866 31.500000 0.500000 0.000000 
 867 31.750000 0.500000 0.000000 
 868 32.000000 0.500000 0.000000 
 869 32.250000 0.500000 0.000000 
 870 32.500000 0.500000 0.000000 
 871 32.750000 0.500000 0.000000 
 872 33.000000 0.500000 0.000000 
 873 33.250000 0.500000 0.000000 
 874 33.500000 0.500000 0.000000 
 875 33.750000 0.500000 0.000000 
 876 34.000000 0.500000 0.000000 
 877 34.250000 0.500000 0.000000 
 878 34.500000 0.500000 0.000000 
 879 34.750000 0.500000 0.000000 
 880 35.000000 0.500000 0.000000 
 881 35.250000 0.500000 0.000000 
 882 35.500000 0.500000 0.000000 
 883 35.750000 0.500000 0.000000 
 884 36.000000 0.500000 0.000000 
 885 36.250000 0.500000 0.000000 
 886 36.500000 0.500000 0.000000 
 887 36.750000 0.500000 0.000000 
 888 37.000000 0.500000 0.000000 
 889 37.250000 0.500000 0.000000 
 890 37.500000 0.500000 0.000000 
 891 37.750000 0.500000 0.000000 
 892 38.000000 0.500000 0.000000 
 893 38.250000 0.500000 0.000000 
 894 38.500000 0.500000 0.000000 
 895 38.750000 0.500000 0.000000 
 896 39.000000 0.500000 0.000000 
 897 39.250000 0.500000 0.000000 
 898 39.500000 0.500000 0.000000 
 899 39.750000 0.500000 0.000000 
 900 40.000000 0.500000 0.000000 
 901 40.250000 0.500000 0.000000 
 902 40.500000 0.500000 0.000000 
 903 40.750000 0.500000 0.000000 
 904 41.000000 0.500000 0.000000 
 905 41.250000 0.500000 0.000000 
 906 41.500000 0.500000 0.000000 
 907 41.750000 0.500000 0.000000 
 908 42.000000 0.500000 0.000000 
 909 42.250000 0.500000 0.000000 
 910 42.500000 0.500000 0.000000 
 911 42.750000 0.500000 0.000000 
 912 43.000000 0.500000 0.000000 
 913 43.250000 0.500000 0.000000 
 914 43.500000 0.500000 0.000000 
 915 43.750000 0.500000 0.000000 
 916 44.000000 0.500000 0.000000 
 917 44.250000 0.500000 0.000000 
 918 44.500000 0.500000 0.000000 
 919 44.750000 0.500000 0.000000 
 920 45.000000 0.500000 0.000000 
 921 45.250000 0.500000 0.000000 
 922 45.500000 0.500000 0.000000 
 923 45.750000 0.500000 0.000000 
 924 46.000000 0.500000 0.000000 
 925 46.250000 0.500000 0.000000 
 926 46.500000 0.500000 0.000000 
 927 46.750000 0.500000 0.000000 
 928 47.000000 0.500000 0.000000 
 929 47.250000 0.500000 0.000000 
 930 47.500000 0.500000 0.000000 
 931 47.750000 0.500000 0.000000 
 932 48.000000 0.500000 0.000000 
 933 48.250000 0.500000 0.000000 
 934 48.500000 0.500000 0.000000 
 935 48.750000 0.500000 0.000000 
 936 49.000000 0.500000 0.000000 
 937 49.250000 0.500000 0.000000 
 938 49.500000 0.500000 0.000000 
 939 49.750000 0.500000 0.000000 
 940 50.000000 0.500000 0.000000 
</NODES>

<ELEMENTS NUMBER=743>
1 <Q> 1 2 3 4 </Q>
2 <Q> 2 5 6 3 </Q>
3 <Q> 4 3 7 8 </Q>
4 <Q> 3 6 9 7 </Q>
5 <Q> 8 7 10 11 </Q>
6 <Q> 7 9 12 10 </Q>
7 <Q> 11 10 13 14 </Q>
8 <Q> 10 12 15 13 </Q>
9 <Q> 14 13 16 17 </Q>
10 <Q> 13 15 18 16 </Q>
11 <Q> 5 19 20 6 </Q>
12 <Q> 6 20 21 9 </Q>
13 <Q> 9 21 22 12 </Q>
14 <Q> 12 22 23 15 </Q>
15 <Q> 15 23 24 25 </Q>
16 <Q> 15 25 26 18 </Q>
17 <Q> 25 24 27 26 </Q>
18 <Q> 26 27 28 18 </Q>
19 <Q> 19 29 30 20 </Q>
20 <Q> 29 31 32 30 </Q>
21 <Q> 31 33 34 32 </Q>
22 <Q> 33 35 36 34 </Q>
23 <Q> 35 37 38 36 </Q>
24 <Q> 37 39 40 38 </Q>
25 <Q> 39 41 42 40 </Q>
26 <Q> 41 43 44 42 </Q>
27 <Q> 43 45 46 44 </Q>
28 <Q> 45 47 48 46 </Q>
29 <Q> 47 49 50 48 </Q>
30 <Q> 49 51 52 50 </Q>
31 <Q> 51 53 54 52 </Q>
32 <Q> 53 55 56 54 </Q>
33 <Q> 55 57 58 56 </Q>
34 <Q> 57 59 60 58 </Q>
35 <Q> 59 61 62 60 </Q>
36 <Q> 61 63 64 62 </Q>
37 <Q> 63 65 66 64 </Q>
38 <Q> 65 67 68 66 </Q>
39 <Q> 67 69 70 68 </Q>
40 <Q> 69 71 72 70 </Q>
41 <Q> 71 73 74 72 </Q>
42 <Q> 73 75 76 74 </Q>
43 <Q> 75 77 78 76 </Q>
44 <Q> 77 79 80 78 </Q>
45 <Q> 79 81 82 80 </Q>
46 <Q> 81 83 84 82 </Q>
47 <Q> 83 85 86 84 </Q>
48 <Q> 85 87 88 86 </Q>
49 <Q> 87 89 90 88 </Q>
50 <Q> 89 91 92 90 </Q>
51 <Q> 91 93 94 92 </Q>
52 <Q> 93 95 96 94 </Q>
53 <Q> 95 97 98 96 </Q>
54 <Q> 97 99 100 98 </Q>
55 <Q> 99 101 102 100 </Q>
56 <Q> 101 103 104 102 </Q>
57 <Q> 20 30 105 21 </Q>
58 <Q> 30 32 106 105 </Q>
59 <Q> 32 34 107 106 </Q>
60 <Q> 34 36 108 107 </Q>
61 <Q> 36 38 109 108 </Q>
62 <Q> 38 40 110 109 </Q>
63 <Q> 40 42 111 110 </Q>
64 <Q> 42 44 112 111 </Q>
65 <Q> 44 46 113 112 </Q>
66 <Q> 46 48 114 113 </Q>
67 <Q> 48 50 115 114 </Q>
68 <Q> 50 52 116 115 </Q>
69 <Q> 52 54 117 116 </Q>
70 <Q> 54 56 118 117 </Q>
71 <Q> 56 58 119 118 </Q>
72 <Q> 58 60 120 119 </Q>
73 <Q> 60 62 121 120 </Q>
74 <Q> 62 64 122 121 </Q>
75 <Q> 64 66 123 122 </Q>
76 <Q> 66 68 124 123 </Q>
77 <Q> 68 70 125 124 </Q>
78 <Q> 70 72 126 125 </Q>
79 <Q> 72 74 127 126 </Q>
80 <Q> 74 76 128 127 </Q>
81 <Q> 76 78 129 128 </Q>
82 <Q> 78 80 130 129 </Q>
83 <Q> 80 82 131 130 </Q>
84 <Q> 82 84 132 131 </Q>
85 <Q> 84 86 133 132 </Q>
86 <Q> 86 88 134 133 </Q>
87 <Q> 88 90 135 134 </Q>
88 <Q> 90 92 136 135 </Q>
89 <Q> 92 94 137 136 </Q>
90 <Q> 94 96 138 137 </Q>
91 <Q> 96 98 139 138 </Q>
92 <Q> 98 100 140 139 </Q>
93 <Q> 100 102 141 140 </Q>
94 <Q> 102 104 142 141 </Q>
95 <Q> 21 105 143 22 </Q>
96 <Q> 105 106 144 143 </Q>
97 <Q> 106 107 145 144 </Q>
98 <Q> 107 108 146 145 </Q>
99 <Q> 108 109 147 146 </Q>
100 <Q> 109 110 148 147 </Q>
101 <Q> 110 111 149 148 </Q>
102 <Q> 111 112 150 149 </Q>
103 <Q> 112 113 151 150 </Q>
104 <Q> 113 114 152 151 </Q>
105 <Q> 114 115 153 152 </Q>
106 <Q> 115 116 154 153 </Q>
107 <Q> 116 117 155 154 </Q>
108 <Q> 117 118 156 155 </Q>
109 <Q> 118 119 157 156 </Q>
110 <Q> 119 120 158 157 </Q>
111 <Q> 120 121 159 158 </Q>
112 <Q> 121 122 160 159 </Q>
113 <Q> 122 123 161 160 </Q>
114 <Q> 123 124 162 161 </Q>
115 <Q> 124 125 163 162 </Q>
116 <Q> 125 126 164 163 </Q>
117 <Q> 126 127 165 164 </Q>
118 <Q> 127 128 166 165 </Q>
119 <Q> 128 129 167 166 </Q>
120 <Q> 129 130 168 167 </Q>
121 <Q> 130 131 169 168 </Q>
122 <Q> 131 132 170 169 </Q>
123 <Q> 132 133 171 170 </Q>
124 <Q> 133 134 172 171 </Q>
125 <Q> 134 135 173 172 </Q>
126 <Q> 135 136 174 173 </Q>
127 <Q> 136 137 175 174 </Q>
128 <Q> 137 138 176 175 </Q>
129 <Q> 138 139 177 176 </Q>
130 <Q> 139 140 178 177 </Q>
131 <Q> 140 141 179 178 </Q>
132 <Q> 141 142 180 179 </Q>
133 <Q> 22 143 181 23 </Q>
134 <Q> 143 144 182 181 </Q>
135 <Q> 144 145 183 182 </Q>
136 <Q> 145 146 184 183 </Q>
137 <Q> 146 147 185 184 </Q>
138 <Q> 147 148 186 185 </Q>
139 <Q> 148 149 187 186 </Q>
140 <Q> 149 150 188 187 </Q>
141 <Q> 150 151 189 188 </Q>
142 <Q> 151 152 190 189 </Q>
143 <Q> 152 153 191 190 </Q>
144 <Q> 153 154 192 191 </Q>
145 <Q> 154 155 193 192 </Q>
146 <Q> 155 156 194 193 </Q>
147 <Q> 156 157 195 194 </Q>
148 <Q> 157 158 196 195 </Q>
149 <Q> 158 159 197 196 </Q>
150 <Q> 159 160 198 197 </Q>
151 <Q> 160 161 199 198 </Q>
152 <Q> 161 162 200 199 </Q>
153 <Q> 162 163 201 200 </Q>
154 <Q> 163 164 202 201 </Q>
155 <Q> 164 165 203 202 </Q>
156 <Q> 165 166 204 203 </Q>
157 <Q> 166 167 205 204 </Q>
158 <Q> 167 168 206 205 </Q>
159 <Q> 168 169 207 206 </Q>
160 <Q> 169 170 208 207 </Q>
161 <Q> 170 171 209 208 </Q>
162 <Q> 171 172 210 209 </Q>
163 <Q> 172 173 211 210 </Q>
164 <Q> 173 174 212 211 </Q>
165 <Q> 174 175 213 212 </Q>
166 <Q> 175 176 214 213 </Q>
167 <Q> 176 177 215 214 </Q>
168 <Q> 177 178 216 215 </Q>
169 <Q> 178 179 217 216 </Q>
170 <Q> 179 180 218 217 </Q>
171 <Q> 23 181 219 24 </Q>
172 <Q> 181 182 220 219 </Q>
173 <Q> 182 183 221 220 </Q>
174 <Q> 183 184 222 221 </Q>
175 <Q> 184 185 223 222 </Q>
176 <Q> 185 186 224 223 </Q>
177 <Q> 186 187 225 224 </Q>
178 <Q> 187 188 226 225 </Q>
179 <Q> 188 189 227 226 </Q>
180 <Q> 189 190 228 227 </Q>
181 <Q> 190 191 229 228 </Q>
182 <Q> 191 192 230 229 </Q>
183 <Q> 192 193 231 230 </Q>
184 <Q> 193 194 232 231 </Q>
185 <Q> 194 195 233 232 </Q>
186 <Q> 195 196 234 233 </Q>
187 <Q> 196 197 235 234 </Q>
188 <Q> 197 198 236 235 </Q>
189 <Q> 198 199 237 236 </Q>
190 <Q> 199 200 238 237 </Q>
191 <Q> 200 201 239 238 </Q>
192 <Q> 201 202 240 239 </Q>
193 <Q> 202 203 241 240 </Q>
194 <Q> 203 204 242 241 </Q>
195 <Q> 204 205 243 242 </Q>
196 <Q> 205 206 244 243 </Q>
197 <Q> 206 207 245 244 </Q>
198 <Q> 207 208 246 245 </Q>
199 <Q> 208 209 247 246 </Q>
200 <Q> 209 210 248 247 </Q>
201 <Q> 210 211 249 248 </Q>
202 <Q> 211 212 250 249 </Q>
203 <Q> 212 213 251 250 </Q>
204 <Q> 213 214 252 251 </Q>
205 <Q> 214 215 253 252 </Q>
206 <Q> 215 216 254 253 </Q>
207 <Q> 216 217 255 254 </Q>
208 <Q> 217 218 256 255 </Q>
209 <Q> 24 219 257 27 </Q>
210 <Q> 219 220 258 257 </Q>
211 <Q> 220 221 259 258 </Q>
212 <Q> 221 222 260 259 </Q>
213 <Q> 222 223 261 260 </Q>
214 <Q> 223 224 262 261 </Q>
215 <Q> 224 225 263 262 </Q>
216 <Q> 225 226 264 263 </Q>
217 <Q> 226 227 265 264 </Q>
218 <Q> 227 228 266 265 </Q>
219 <Q> 228 229 267 266 </Q>
220 <Q> 229 230 268 267 </Q>
221 <Q> 230 231 269 268 </Q>
222 <Q> 231 232 270 269 </Q>
223 <Q> 232 233 271 270 </Q>
224 <Q> 233 234 272 271 </Q>
225 <Q> 234 235 273 272 </Q>
226 <Q> 235 236 274 273 </Q>
227 <Q> 236 237 275 274 </Q>
228 <Q> 237 238 276 275 </Q>
229 <Q> 238 239 277 276 </Q>
230 <Q> 239 240 278 277 </Q>
231 <Q> 240 241 279 278 </Q>
232 <Q> 241 242 280 279 </Q>
233 <Q> 242 243 281 280 </Q>
234 <Q> 243 244 282 281 </Q>
235 <Q> 244 245 283 282 </Q>
236 <Q> 245 246 284 283 </Q>
237 <Q> 246 247 285 284 </Q>
238 <Q> 247 248 286 285 </Q>
239 <Q> 248 249 287 286 </Q>
240 <Q> 249 250 288 287 </Q>
241 <Q> 250 251 289 288 </Q>
242 <Q> 251 252 290 289 </Q>
243 <Q> 252 253 291 290 </Q>
244 <Q> 253 254 292 291 </Q>
245 <Q> 254 255 293 292 </Q>
246 <Q> 255 256 294 293 </Q>
247 <Q> 27 257 295 28 </Q>
248 <Q> 257 258 296 295 </Q>
249 <Q> 258 259 297 296 </Q>
250 <Q> 259 260 298 297 </Q>
251 <Q> 260 261 299 298 </Q>
252 <Q> 261 262 300 299 </Q>
253 <Q> 262 263 301 300 </Q>
254 <Q> 263 264 302 301 </Q>
255 <Q> 264 265 303 302 </Q>
256 <Q> 265 266 304 303 </Q>
257 <Q> 266 267 305 304 </Q>
258 <Q> 267 268 306 305 </Q>
259 <Q> 268 269 307 306 </Q>
260 <Q> 269 270 308 307 </Q>
261 <Q> 270 271 309 308 </Q>
262 <Q> 271 272 310 309 </Q>
263 <Q> 272 273 311 310 </Q>
264 <Q> 273 274 312 311 </Q>
265 <Q> 274 275 313 312 </Q>
266 <Q> 275 276 314 313 </Q>
267 <Q> 276 277 315 314 </Q>
268 <Q> 277 278 316 315 </Q>
269 <Q> 278 279 317 316 </Q>
270 <Q> 279 280 318 317 </Q>
271 <Q> 280 281 319 318 </Q>
272 <Q> 281 282 320 319 </Q>
273 <Q> 282 283 321 320 </Q>
274 <Q> 283 284 322 321 </Q>
275 <Q> 284 285 323 322 </Q>
276 <Q> 285 286 324 323 </Q>
277 <Q> 286 287 325 324 </Q>
278 <Q> 287 288 326 325 </Q>
279 <Q> 288 289 327 326 </Q>
280 <Q> 289 290 328 327 </Q>
281 <Q> 290 291 329 328 </Q>
282 <Q> 291 292 330 329 </Q>
283 <Q> 292 293 331 330 </Q>
284 <Q> 293 294 332 331 </Q>
285 <Q> 103 333 334 104 </Q>
286 <Q> 104 334 335 142 </Q>
287 <Q> 142 335 336 180 </Q>
288 <Q> 335 334 337 336 </Q>
289 <Q> 180 336 337 218 </Q>
290 <Q> 218 337 338 256 </Q>
291 <Q> 256 338 339 294 </Q>
292 <Q> 338 337 340 339 </Q>
293 <Q> 294 339 340 332 </Q>
294 <Q> 333 341 342 334 </Q>
295 <Q> 341 343 344 342 </Q>
296 <Q> 343 345 346 344 </Q>
297 <Q> 345 347 348 346 </Q>
298 <Q> 347 349 350 348 </Q>
299 <Q> 349 351 352 350 </Q>
300 <Q> 351 353 354 352 </Q>
301 <Q> 353 355 356 354 </Q>
302 <Q> 355 357 358 356 </Q>
303 <Q> 357 359 360 358 </Q>
304 <Q> 359 361 362 360 </Q>
305 <Q> 361 363 364 362 </Q>
306 <Q> 363 365 366 364 </Q>
307 <Q> 365 367 368 366 </Q>
308 <Q> 367 369 370 368 </Q>
309 <Q> 369 371 372 370 </Q>
310 <Q> 371 373 374 372 </Q>
311 <Q> 373 375 376 374 </Q>
312 <Q> 375 377 378 376 </Q>
313 <Q> 377 379 380 378 </Q>
314 <Q> 379 381 382 380 </Q>
315 <Q> 381 383 384 382 </Q>
316 <Q> 383 385 386 384 </Q>
317 <Q> 385 387 388 386 </Q>
318 <Q> 387 389 390 388 </Q>
319 <Q> 389 391 392 390 </Q>
320 <Q> 391 393 394 392 </Q>
321 <Q> 393 395 396 394 </Q>
322 <Q> 395 397 398 396 </Q>
323 <Q> 397 399 400 398 </Q>
324 <Q> 399 401 402 400 </Q>
325 <Q> 401 403 404 402 </Q>
326 <Q> 403 405 406 404 </Q>
327 <Q> 405 407 408 406 </Q>
328 <Q> 407 409 410 408 </Q>
329 <Q> 409 411 412 410 </Q>
330 <Q> 411 413 414 412 </Q>
331 <Q> 413 415 416 414 </Q>
332 <Q> 415 417 418 416 </Q>
333 <Q> 417 419 420 418 </Q>
334 <Q> 419 421 422 420 </Q>
335 <Q> 421 423 424 422 </Q>
336 <Q> 423 425 426 424 </Q>
337 <Q> 425 427 428 426 </Q>
338 <Q> 427 429 430 428 </Q>
339 <Q> 429 431 432 430 </Q>
340 <Q> 431 433 434 432 </Q>
341 <Q> 433 435 436 434 </Q>
342 <Q> 435 437 438 436 </Q>
343 <Q> 437 439 440 438 </Q>
344 <Q> 439 441 442 440 </Q>
345 <Q> 441 443 444 442 </Q>
346 <Q> 443 445 446 444 </Q>
347 <Q> 445 447 448 446 </Q>
348 <Q> 447 449 450 448 </Q>
349 <Q> 449 451 452 450 </Q>
350 <Q> 451 453 454 452 </Q>
351 <Q> 453 455 456 454 </Q>
352 <Q> 455 457 458 456 </Q>
353 <Q> 457 459 460 458 </Q>
354 <Q> 459 461 462 460 </Q>
355 <Q> 461 463 464 462 </Q>
356 <Q> 463 465 466 464 </Q>
357 <Q> 465 467 468 466 </Q>
358 <Q> 467 469 470 468 </Q>
359 <Q> 469 471 472 470 </Q>
360 <Q> 471 473 474 472 </Q>
361 <Q> 473 475 476 474 </Q>
362 <Q> 475 477 478 476 </Q>
363 <Q> 477 479 480 478 </Q>
364 <Q> 479 481 482 480 </Q>
365 <Q> 481 483 484 482 </Q>
366 <Q> 483 485 486 484 </Q>
367 <Q> 485 487 488 486 </Q>
368 <Q> 487 489 490 488 </Q>
369 <Q> 489 491 492 490 </Q>
370 <Q> 491 493 494 492 </Q>
371 <Q> 493 495 496 494 </Q>
372 <Q> 495 497 498 496 </Q>
373 <Q> 497 499 500 498 </Q>
374 <Q> 499 501 502 500 </Q>
375 <Q> 501 503 504 502 </Q>
376 <Q> 503 505 506 504 </Q>
377 <Q> 505 507 508 506 </Q>
378 <Q> 507 509 510 508 </Q>
379 <Q> 509 511 512 510 </Q>
380 <Q> 511 513 514 512 </Q>
381 <Q> 513 515 516 514 </Q>
382 <Q> 515 517 518 516 </Q>
383 <Q> 517 519 520 518 </Q>
384 <Q> 519 521 522 520 </Q>
385 <Q> 521 523 524 522 </Q>
386 <Q> 523 525 526 524 </Q>
387 <Q> 525 527 528 526 </Q>
388 <Q> 527 529 530 528 </Q>
389 <Q> 529 531 532 530 </Q>
390 <Q> 531 533 534 532 </Q>
391 <Q> 533 535 536 534 </Q>
392 <Q> 535 537 538 536 </Q>
393 <Q> 537 539 540 538 </Q>
394 <Q> 539 541 542 540 </Q>
395 <Q> 541 543 544 542 </Q>
396 <Q> 543 545 546 544 </Q>
397 <Q> 545 547 548 546 </Q>
398 <Q> 547 549 550 548 </Q>
399 <Q> 549 551 552 550 </Q>
400 <Q> 551 553 554 552 </Q>
401 <Q> 553 555 556 554 </Q>
402 <Q> 555 557 558 556 </Q>
403 <Q> 557 559 560 558 </Q>
404 <Q> 559 561 562 560 </Q>
405 <Q> 561 563 564 562 </Q>
406 <Q> 563 565 566 564 </Q>
407 <Q> 565 567 568 566 </Q>
408 <Q> 567 569 570 568 </Q>
409 <Q> 569 571 572 570 </Q>
410 <Q> 571 573 574 572 </Q>
411 <Q> 573 575 576 574 </Q>
412 <Q> 575 577 578 576 </Q>
413 <Q> 577 579 580 578 </Q>
414 <Q> 579 581 582 580 </Q>
415 <Q> 581 583 584 582 </Q>
416 <Q> 583 585 586 584 </Q>
417 <Q> 585 587 588 586 </Q>
418 <Q> 587 589 590 588 </Q>
419 <Q> 589 591 592 590 </Q>
420 <Q> 591 593 594 592 </Q>
421 <Q> 593 595 596 594 </Q>
422 <Q> 595 597 598 596 </Q>
423 <Q> 597 599 600 598 </Q>
424 <Q> 599 601 602 600 </Q>
425 <Q> 601 603 604 602 </Q>
426 <Q> 603 605 606 604 </Q>
427 <Q> 605 607 608 606 </Q>
428 <Q> 607 609 610 608 </Q>
429 <Q> 609 611 612 610 </Q>
430 <Q> 611 613 614 612 </Q>
431 <Q> 613 615 616 614 </Q>
432 <Q> 615 617 618 616 </Q>
433 <Q> 617 619 620 618 </Q>
434 <Q> 619 621 622 620 </Q>
435 <Q> 621 623 624 622 </Q>
436 <Q> 623 625 626 624 </Q>
437 <Q> 625 627 628 626 </Q>
438 <Q> 627 629 630 628 </Q>
439 <Q> 629 631 632 630 </Q>
440 <Q> 631 633 634 632 </Q>
441 <Q> 633 635 636 634 </Q>
442 <Q> 635 637 638 636 </Q>
443 <Q> 637 639 640 638 </Q>
444 <Q> 334 342 641 337 </Q>
445 <Q> 342 344 642 641 </Q>
446 <Q> 344 346 643 642 </Q>
447 <Q> 346 348 644 643 </Q>
448 <Q> 348 350 645 644 </Q>
449 <Q> 350 352 646 645 </Q>
450 <Q> 352 354 647 646 </Q>
451 <Q> 354 356 648 647 </Q>
452 <Q> 356 358 649 648 </Q>
453 <Q> 358 360 650 649 </Q>
454 <Q> 360 362 651 650 </Q>
455 <Q> 362 364 652 651 </Q>
456 <Q> 364 366 653 652 </Q>
457 <Q> 366 368 654 653 </Q>
458 <Q> 368 370 655 654 </Q>
459 <Q> 370 372 656 655 </Q>
460 <Q> 372 374 657 656 </Q>
461 <Q> 374 376 658 657 </Q>
462 <Q> 376 378 659 658 </Q>
463 <Q> 378 380 660 659 </Q>
464 <Q> 380 382 661 660 </Q>
465 <Q> 382 384 662 661 </Q>
466 <Q> 384 386 663 662 </Q>
467 <Q> 386 388 664 663 </Q>
468 <Q> 388 390 665 664 </Q>
469 <Q> 390 392 666 665 </Q>
470 <Q> 392 394 667 666 </Q>
471 <Q> 394 396 668 667 </Q>
472 <Q> 396 398 669 668 </Q>
473 <Q> 398 400 670 669 </Q>
474 <Q> 400 402 671 670 </Q>
475 <Q> 402 404 672 671 </Q>
476 <Q> 404 406 673 672 </Q>
477 <Q> 406 408 674 673 </Q>
478 <Q> 408 410 675 674 </Q>
479 <Q> 410 412 676 675 </Q>
480 <Q> 412 414 677 676 </Q>
481 <Q> 414 416 678 677 </Q>
482 <Q> 416 418 679 678 </Q>
483 <Q> 418 420 680 679 </Q>
484 <Q> 420 422 681 680 </Q>
485 <Q> 422 424 682 681 </Q>
486 <Q> 424 426 683 682 </Q>
487 <Q> 426 428 684 683 </Q>
488 <Q> 428 430 685 684 </Q>
489 <Q> 430 432 686 685 </Q>
490 <Q> 432 434 687 686 </Q>
491 <Q> 434 436 688 687 </Q>
492 <Q> 436 438 689 688 </Q>
493 <Q> 438 440 690 689 </Q>
494 <Q> 440 442 691 690 </Q>
495 <Q> 442 444 692 691 </Q>
496 <Q> 444 446 693 692 </Q>
497 <Q> 446 448 694 693 </Q>
498 <Q> 448 450 695 694 </Q>
499 <Q> 450 452 696 695 </Q>
500 <Q> 452 454 697 696 </Q>
501 <Q> 454 456 698 697 </Q>
502 <Q> 456 458 699 698 </Q>
503 <Q> 458 460 700 699 </Q>
504 <Q> 460 462 701 700 </Q>
505 <Q> 462 464 702 701 </Q>
506 <Q> 464 466 703 702 </Q>
507 <Q> 466 468 704 703 </Q>
508 <Q> 468 470 705 704 </Q>
509 <Q> 470 472 706 705 </Q>
510 <Q> 472 474 707 706 </Q>
511 <Q> 474 476 708 707 </Q>
512 <Q> 476 478 709 708 </Q>
513 <Q> 478 480 710 709 </Q>
514 <Q> 480 482 711 710 </Q>
515 <Q> 482 484 712 711 </Q>
516 <Q> 484 486 713 712 </Q>
517 <Q> 486 488 714 713 </Q>
518 <Q> 488 490 715 714 </Q>
519 <Q> 490 492 716 715 </Q>
520 <Q> 492 494 717 716 </Q>
521 <Q> 494 496 718 717 </Q>
522 <Q> 496 498 719 718 </Q>
523 <Q> 498 500 720 719 </Q>
524 <Q> 500 502 721 720 </Q>
525 <Q> 502 504 722 721 </Q>
526 <Q> 504 506 723 722 </Q>
527 <Q> 506 508 724 723 </Q>
528 <Q> 508 510 725 724 </Q>
529 <Q> 510 512 726 725 </Q>
530 <Q> 512 514 727 726 </Q>
531 <Q> 514 516 728 727 </Q>
532 <Q> 516 518 729 728 </Q>
533 <Q> 518 520 730 729 </Q>
534 <Q> 520 522 731 730 </Q>
535 <Q> 522 524 732 731 </Q>
536 <Q> 524 526 733 732 </Q>
537 <Q> 526 528 734 733 </Q>
538 <Q> 528 530 735 734 </Q>
539 <Q> 530 532 736 735 </Q>
540 <Q> 532 534 737 736 </Q>
541 <Q> 534 536 738 737 </Q>
542 <Q> 536 538 739 738 </Q>
543 <Q> 538 540 740 739 </Q>
544 <Q> 540 542 741 740 </Q>
545 <Q> 542 544 742 741 </Q>
546 <Q> 544 546 743 742 </Q>
547 <Q> 546 548 744 743 </Q>
548 <Q> 548 550 745 744 </Q>
549 <Q> 550 552 746 745 </Q>
550 <Q> 552 554 747 746 </Q>
551 <Q> 554 556 748 747 </Q>
552 <Q> 556 558 749 748 </Q>
553 <Q> 558 560 750 749 </Q>
554 <Q> 560 562 751 750 </Q>
555 <Q> 562 564 752 751 </Q>
556 <Q> 564 566 753 752 </Q>
557 <Q> 566 568 754 753 </Q>
558 <Q> 568 570 755 754 </Q>
559 <Q> 570 572 756 755 </Q>
560 <Q> 572 574 757 756 </Q>
561 <Q> 574 576 758 757 </Q>
562 <Q> 576 578 759 758 </Q>
563 <Q> 578 580 760 759 </Q>
564 <Q> 580 582 761 760 </Q>
565 <Q> 582 584 762 761 </Q>
566 <Q> 584 586 763 762 </Q>
567 <Q> 586 588 764 763 </Q>
568 <Q> 588 590 765 764 </Q>
569 <Q> 590 592 766 765 </Q>
570 <Q> 592 594 767 766 </Q>
571 <Q> 594 596 768 767 </Q>
572 <Q> 596 598 769 768 </Q>
573 <Q> 598 600 770 769 </Q>
574 <Q> 600 602 771 770 </Q>
575 <Q> 602 604 772 771 </Q>
576 <Q> 604 606 773 772 </Q>
577 <Q> 606 608 774 773 </Q>
578 <Q> 608 610 775 774 </Q>
579 <Q> 610 612 776 775 </Q>
580 <Q> 612 614 777 776 </Q>
581 <Q> 614 616 778 777 </Q>
582 <Q> 616 618 779 778 </Q>
583 <Q> 618 620 780 779 </Q>
584 <Q> 620 622 781 780 </Q>
585 <Q> 622 624 782 781 </Q>
586 <Q> 624 626 783 782 </Q>
587 <Q> 626 628 784 783 </Q>
588 <Q> 628 630 785 784 </Q>
589 <Q> 630 632 786 785 </Q>
590 <Q> 632 634 787 786 </Q>
591 <Q> 634 636 788 787 </Q>
592 <Q> 636 638 789 788 </Q>
593 <Q> 638 640 790 789 </Q>
594 <Q> 337 641 791 340 </Q>
595 <Q> 641 642 792 791 </Q>
596 <Q> 642 643 793 792 </Q>
597 <Q> 643 644 794 793 </Q>
598 <Q> 644 645 795 794 </Q>
599 <Q> 645 646 796 795 </Q>
600 <Q> 646 647 797 796 </Q>
601 <Q> 647 648 798 797 </Q>
602 <Q> 648 649 799 798 </Q>
603 <Q> 649 650 800 799 </Q>
604 <Q> 650 651 801 800 </Q>
605 <Q> 651 652 802 801 </Q>
606 <Q> 652 653 803 802 </Q>
607 <Q> 653 654 804 803 </Q>
608 <Q> 654 655 805 804 </Q>
609 <Q> 655 656 806 805 </Q>
610 <Q> 656 657 807 806 </Q>
611 <Q> 657 658 808 807 </Q>
612 <Q> 658 659 809 808 </Q>
613 <Q> 659 660 810 809 </Q>
614 <Q> 660 661 811 810 </Q>
615 <Q> 661 662 812 811 </Q>
616 <Q> 662 663 813 812 </Q>
617 <Q> 663 664 814 813 </Q>
618 <Q> 664 665 815 814 </Q>
619 <Q> 665 666 816 815 </Q>
620 <Q> 666 667 817 816 </Q>
621 <Q> 667 668 818 817 </Q>
622 <Q> 668 669 819 818 </Q>
623 <Q> 669 670 820 819 </Q>
624 <Q> 670 671 821 820 </Q>
625 <Q> 671 672 822 821 </Q>
626 <Q> 672 673 823 822 </Q>
627 <Q> 673 674 824 823 </Q>
628 <Q> 674 675 825 824 </Q>
629 <Q> 675 676 826 825 </Q>
630 <Q> 676 677 827 826 </Q>
631 <Q> 677 678 828 827 </Q>
632 <Q> 678 679 829 828 </Q>
633 <Q> 679 680 830 829 </Q>
634 <Q> 680 681 831 830 </Q>
635 <Q> 681 682 832 831 </Q>
636 <Q> 682 683 833 832 </Q>
637 <Q> 683 684 834 833 </Q>
638 <Q> 684 685 835 834 </Q>
639 <Q> 685 686 836 835 </Q>
640 <Q> 686 687 837 836 </Q>
641 <Q> 687 688 838 837 </Q>
642 <Q> 688 689 839 838 </Q>
643 <Q> 689 690 840 839 </Q>
644 <Q> 690 691 841 840 </Q>
645 <Q> 691 692 842 841 </Q>
646 <Q> 692 693 843 842 </Q>
647 <Q> 693 694 844 843 </Q>
648 <Q> 694 695 845 844 </Q>
649 <Q> 695 696 846 845 </Q>
650 <Q> 696 697 847 846 </Q>
651 <Q> 697 698 848 847 </Q>
652 <Q> 698 699 849 848 </Q>
653 <Q> 699 700 850 849 </Q>
654 <Q> 700 701 851 850 </Q>
655 <Q> 701 702 852 851 </Q>
656 <Q> 702 703 853 852 </Q>
657 <Q> 703 704 854 853 </Q>
658 <Q> 704 705 855 854 </Q>
659 <Q> 705 706 856 855 </Q>
660 <Q> 706 707 857 856 </Q>
661 <Q> 707 708 858 857 </Q>
662 <Q> 708 709 859 858 </Q>
663 <Q> 709 710 860 859 </Q>
664 <Q> 710 711 861 860 </Q>
665 <Q> 711 712 862 861 </Q>
666 <Q> 712 713 863 862 </Q>
667 <Q> 713 714 864 863 </Q>
668 <Q> 714 715 865 864 </Q>
669 <Q> 715 716 866 865 </Q>
670 <Q> 716 717 867 866 </Q>
671 <Q> 717 718 868 867 </Q>
672 <Q> 718 719 869 868 </Q>
673 <Q> 719 720 870 869 </Q>
674 <Q> 720 721 871 870 </Q>
675 <Q> 721 722 872 871 </Q>
676 <Q> 722 723 873 872 </Q>
677 <Q> 723 724 874 873 </Q>
678 <Q> 724 725 875 874 </Q>
679 <Q> 725 726 876 875 </Q>
680 <Q> 726 727 877 876 </Q>
681 <Q> 727 728 878 877 </Q>
682 <Q> 728 729 879 878 </Q>
683 <Q> 729 730 880 879 </Q>
684 <Q> 730 731 881 880 </Q>
685 <Q> 731 732 882 881 </Q>
686 <Q> 732 733 883 882 </Q>
687 <Q> 733 734 884 883 </Q>
688 <Q> 734 735 885 884 </Q>
689 <Q> 735 736 886 885 </Q>
690 <Q> 736 737 887 886 </Q>
691 <Q> 737 738 888 887 </Q>
692 <Q> 738 739 889 888 </Q>
693 <Q> 739 740 890 889 </Q>
694 <Q> 740 741 891 890 </Q>
695 <Q> 741 742 892 891 </Q>
696 <Q> 742 743 893 892 </Q>
697 <Q> 743 744 894 893 </Q>
698 <Q> 744 745 895 894 </Q>
699 <Q> 745 746 896 895 </Q>
700 <Q> 746 747 897 896 </Q>
701 <Q> 747 748 898 897 </Q>
702 <Q> 748 749 899 898 </Q>
703 <Q> 749 750 900 899 </Q>
704 <Q> 750 751 901 900 </Q>
705 <Q> 751 752 902 901 </Q>
706 <Q> 752 753 903 902 </Q>
707 <Q> 753 754 904 903 </Q>
708 <Q> 754 755 905 904 </Q>
709 <Q> 755 756 906 905 </Q>
710 <Q> 756 757 907 906 </Q>
711 <Q> 757 758 908 907 </Q>
712 <Q> 758 759 909 908 </Q>
713 <Q> 759 760 910 909 </Q>
714 <Q> 760 761 911 910 </Q>
715 <Q> 761 762 912 911 </Q>
716 <Q> 762 763 913 912 </Q>
717 <Q> 763 764 914 913 </Q>
718 <Q> 764 765 915 914 </Q>
719 <Q> 765 766 916 915 </Q>
720 <Q> 766 767 917 916 </Q>
721 <Q> 767 768 918 917 </Q>
722 <Q> 768 769 919 918 </Q>
723 <Q> 769 770 920 919 </Q>
724 <Q> 770 771 921 920 </Q>
725 <Q> 771 772 922 921 </Q>
726 <Q> 772 773 923 922 </Q>
727 <Q> 773 774 924 923 </Q>
728 <Q> 774 775 925 924 </Q>
729 <Q> 775 776 926 925 </Q>
730 <Q> 776 777 927 926 </Q>
731 <Q> 777 778 928 927 </Q>
732 <Q> 778 779 929 928 </Q>
733 <Q> 779 780 930 929 </Q>
734 <Q> 780 781 931 930 </Q>
735 <Q> 781 782 932 931 </Q>
736 <Q> 782 783 933 932 </Q>
737 <Q> 783 784 934 933 </Q>
738 <Q> 784 785 935 934 </Q>
739 <Q> 785 786 936 935 </Q>
740 <Q> 786 787 937 936 </Q>
741 <Q> 787 788 938 937 </Q>
742 <Q> 788 789 939 938 </Q>
743 <Q> 789 790 940 939 </Q>
</ELEMENTS>

<SURFACES NUMBER=392>
1 1 1 <B> a </B>
2 2 1 <B> a </B>
3 11 1 <B> a </B>
4 19 1 <B> a </B>
5 20 1 <B> a </B>
6 21 1 <B> a </B>
7 22 1 <B> a </B>
8 23 1 <B> a </B>
9 24 1 <B> a </B>
10 25 1 <B> a </B>

11 26 1 <B> a </B>
12 27 1 <B> a </B>
13 28 1 <B> a </B>
14 29 1 <B> a </B>
15 30 1 <B> a </B>
16 31 1 <B> a </B>
17 32 1 <B> a </B>
18 33 1 <B> a </B>
19 34 1 <B> a </B>
20 35 1 <B> a </B>

21 36 1 <B> a </B>
22 37 1 <B> a </B>
23 38 1 <B> a </B>
24 39 1 <B> a </B>
25 40 1 <B> a </B>
26 41 1 <B> a </B>
27 42 1 <B> a </B>
28 43 1 <B> a </B>
29 44 1 <B> a </B>
30 45 1 <B> a </B>

31 46 1 <B> a </B>
32 47 1 <B> a </B>
33 48 1 <B> a </B>
34 49 1 <B> a </B>
35 50 1 <B> a </B>
36 51 1 <B> a </B>
37 52 1 <B> a </B>
38 53 1 <B> a </B>
39 54 1 <B> a </B>
40 55 1 <B> a </B>

41 56 1 <B> a </B>
42 285 1 <B> a </B>
43 294 1 <B> a </B>
44 295 1 <B> a </B>
45 296 1 <B> a </B>
46 297 1 <B> a </B>
47 298 1 <B> a </B>
48 299 1 <B> a </B>
49 300 1 <B> a </B>
50 301 1 <B> a </B>

51 302 1 <B> a </B>
52 303 1 <B> a </B>
53 304 1 <B> a </B>
54 305 1 <B> a </B>
55 306 1 <B> a </B>
56 307 1 <B> a </B>
57 308 1 <B> a </B>
58 309 1 <B> a </B>
59 310 1 <B> a </B>
60 311 1 <B> a </B>

61 312 1 <B> a </B>
62 313 1 <B> a </B>
63 314 1 <B> a </B>
64 315 1 <B> a </B>
65 316 1 <B> a </B>
66 317 1 <B> a </B>
67 318 1 <B> a </B>
68 319 1 <B> a </B>
69 320 1 <B> a </B>
70 321 1 <B> a </B>

71 322 1 <B> a </B>
72 323 1 <B> a </B>
73 324 1 <B> a </B>
74 325 1 <B> a </B>
75 326 1 <B> a </B>
76 327 1 <B> a </B>
77 328 1 <B> a </B>
78 329 1 <B> a </B>
79 330 1 <B> a </B>
80 331 1 <B> a </B>

81 332 1 <B> a </B>
82 333 1 <B> a </B>
83 334 1 <B> a </B>
84 335 1 <B> a </B>
85 336 1 <B> a </B>
86 337 1 <B> a </B>
87 338 1 <B> a </B>
88 339 1 <B> a </B>
89 340 1 <B> a </B>
90 341 1 <B> a </B>

91 342 1 <B> a </B>
92 343 1 <B> a </B>
93 344 1 <B> a </B>
94 345 1 <B> a </B>
95 346 1 <B> a </B>
96 347 1 <B> a </B>
97 348 1 <B> a </B>
98 349 1 <B> a </B>
99 350 1 <B> a </B>
100 351 1 <B> a </B>

101 352 1 <B> a </B>
102 353 1 <B> a </B>
103 354 1 <B> a </B>
104 355 1 <B> a </B>
105 356 1 <B> a </B>
106 357 1 <B> a </B>
107 358 1 <B> a </B>
108 359 1 <B> a </B>
109 360 1 <B> a </B>
110 361 1 <B> a </B>

111 362 1 <B> a </B>
112 363 1 <B> a </B>
113 364 1 <B> a </B>
114 365 1 <B> a </B>
115 366 1 <B> a </B>
116 367 1 <B> a </B>
117 368 1 <B> a </B>
118 369 1 <B> a </B>
119 370 1 <B> a </B>
120 371 1 <B> a </B>

121 372 1 <B> a </B>
122 373 1 <B> a </B>
123 374 1 <B> a </B>
124 375 1 <B> a </B>
125 376 1 <B> a </B>
126 377 1 <B> a </B>
127 378 1 <B> a </B>
128 379 1 <B> a </B>
129 380 1 <B> a </B>
130 381 1 <B> a </B>

131 382 1 <B> a </B>
132 383 1 <B> a </B>
133 384 1 <B> a </B>
134 385 1 <B> a </B>
135 386 1 <B> a </B>
136 387 1 <B> a </B>
137 388 1 <B> a </B>
138 389 1 <B> a </B>
139 390 1 <B> a </B>
140 391 1 <B> a </B>

141 392 1 <B> a </B>
142 393 1 <B> a </B>
143 394 1 <B> a </B>
144 395 1 <B> a </B>
145 396 1 <B> a </B>
146 397 1 <B> a </B>
147 398 1 <B> a </B>
148 399 1 <B> a </B>
149 400 1 <B> a </B>
150 401 1 <B> a </B>

151 402 1 <B> a </B>
152 403 1 <B> a </B>
153 404 1 <B> a </B>
154 405 1 <B> a </B>
155 406 1 <B> a </B>
156 407 1 <B> a </B>
157 408 1 <B> a </B>
158 409 1 <B> a </B>
159 410 1 <B> a </B>
160 411 1 <B> a </B>

161 412 1 <B> a </B>
162 413 1 <B> a </B>
163 414 1 <B> a </B>
164 415 1 <B> a </B>
165 416 1 <B> a </B>
166 417 1 <B> a </B>
167 418 1 <B> a </B>
168 419 1 <B> a </B>
169 420 1 <B> a </B>
170 421 1 <B> a </B>

171 422 1 <B> a </B>
172 423 1 <B> a </B>
173 424 1 <B> a </B>
174 425 1 <B> a </B>
175 426 1 <B> a </B>
176 427 1 <B> a </B>
177 428 1 <B> a </B>
178 429 1 <B> a </B>
179 430 1 <B> a </B>
180 431 1 <B> a </B>

181 432 1 <B> a </B>
182 433 1 <B> a </B>
183 434 1 <B> a </B>
184 435 1 <B> a </B>
185 436 1 <B> a </B>
186 437 1 <B> a </B>
187 438 1 <B> a </B>
188 439 1 <B> a </B>
189 440 1 <B> a </B>
190 441 1 <B> a </B>

191 442 1 <B> a </B>
192 443 1 <B> a </B>

193 443 2 <B> o </B>
194 593 2 <B> o </B>
195 743 2 <B> o </B>

196 9   3 <B> w </B>
197 10  3 <B> w </B>
198 18  3 <B> w </B>
199 247 3 <B> w </B>
200 248 3 <B> w </B>

201 249 3 <B> w </B>
202 250 3 <B> w </B>
203 251 3 <B> w </B>
204 252 3 <B> w </B>
205 253 3 <B> w </B>
206 254 3 <B> w </B>
207 255 3 <B> w </B>
208 256 3 <B> w </B>
209 257 3 <B> w </B>
210 258 3 <B> w </B>

211 259 3 <B> w </B>
212 260 3 <B> w </B>
213 261 3 <B> w </B>
214 262 3 <B> w </B>
215 263 3 <B> w </B>
216 264 3 <B> w </B>
217 265 3 <B> w </B>
218 266 3 <B> w </B>
219 267 3 <B> w </B>
220 268 3 <B> w </B>

221 269 3 <B> w </B>
222 270 3 <B> w </B>
223 271 3 <B> w </B>
224 272 3 <B> w </B>
225 273 3 <B> w </B>
226 274 3 <B> w </B>
227 275 3 <B> w </B>
228 276 3 <B> w </B>
229 277 3 <B> w </B>
230 278 3 <B> w </B>

231 279 3 <B> w </B>
232 280 3 <B> w </B>
233 281 3 <B> w </B>
234 282 3 <B> w </B>
235 283 3 <B> w </B>
236 284 3 <B> w </B>
237 293 3 <B> w </B>
238 594 3 <B> w </B>
239 595 3 <B> w </B>
240 596 3 <B> w </B>

241 597 3 <B> w </B>
242 598 3 <B> w </B>
243 599 3 <B> w </B>
244 600 3 <B> w </B>
245 601 3 <B> w </B>
246 602 3 <B> w </B>
247 603 3 <B> w </B>
248 604 3 <B> w </B>
249 605 3 <B> w </B>
250 606 3 <B> w </B>

251 607 3 <B> w </B>
252 608 3 <B> w </B>
253 609 3 <B> w </B>
254 610 3 <B> w </B>
255 611 3 <B> w </B>
256 612 3 <B> w </B>
257 613 3 <B> w </B>
258 614 3 <B> w </B>
259 615 3 <B> w </B>
260 616 3 <B> w </B>

261 617 3 <B> w </B>
262 618 3 <B> w </B>
263 619 3 <B> w </B>
264 620 3 <B> w </B>
265 621 3 <B> w </B>
266 622 3 <B> w </B>
267 623 3 <B> w </B>
268 624 3 <B> w </B>
268 625 3 <B> w </B>
270 626 3 <B> w </B>

271 627 3 <B> w </B>
272 628 3 <B> w </B>
273 629 3 <B> w </B>
274 630 3 <B> w </B>
275 631 3 <B> w </B>
276 632 3 <B> w </B>
277 633 3 <B> w </B>
278 634 3 <B> w </B>
279 635 3 <B> w </B>
280 636 3 <B> w </B>

281 637 3 <B> w </B>
282 638 3 <B> w </B>
283 639 3 <B> w </B>
284 640 3 <B> w </B>
285 641 3 <B> w </B>
286 642 3 <B> w </B>
287 643 3 <B> w </B>
288 644 3 <B> w </B>
289 645 3 <B> w </B>
290 646 3 <B> w </B>

291 647 3 <B> w </B>
292 648 3 <B> w </B>
293 649 3 <B> w </B>
294 650 3 <B> w </B>
295 651 3 <B> w </B>
296 652 3 <B> w </B>
297 653 3 <B> w </B>
298 654 3 <B> w </B>
299 655 3 <B> w </B>
300 656 3 <B> w </B>

301 657 3 <B> w </B>
302 658 3 <B> w </B>
303 659 3 <B> w </B>
304 660 3 <B> w </B>
305 661 3 <B> w </B>
306 662 3 <B> w </B>
307 663 3 <B> w </B>
308 664 3 <B> w </B>
309 665 3 <B> w </B>
310 666 3 <B> w </B>

311 667 3 <B> w </B>
312 668 3 <B> w </B>
313 669 3 <B> w </B>
314 670 3 <B> w </B>
315 671 3 <B> w </B>
316 672 3 <B> w </B>
317 673 3 <B> w </B>
318 674 3 <B> w </B>
319 675 3 <B> w </B>
320 676 3 <B> w </B>

321 677 3 <B> w </B>
322 678 3 <B> w </B>
323 679 3 <B> w </B>
324 680 3 <B> w </B>
325 681 3 <B> w </B>
326 682 3 <B> w </B>
327 683 3 <B> w </B>
328 684 3 <B> w </B>
329 685 3 <B> w </B>
330 686 3 <B> w </B>

331 687 3 <B> w </B>
332 688 3 <B> w </B>
333 689 3 <B> w </B>
334 690 3 <B> w </B>
335 691 3 <B> w </B>
336 692 3 <B> w </B>
337 693 3 <B> w </B>
338 694 3 <B> w </B>
339 695 3 <B> w </B>
340 696 3 <B> w </B>

341 697 3 <B> w </B>
342 698 3 <B> w </B>
343 699 3 <B> w </B>
344 700 3 <B> w </B>
345 701 3 <B> w </B>
346 702 3 <B> w </B>
347 703 3 <B> w </B>
348 704 3 <B> w </B>
349 705 3 <B> w </B>
350 706 3 <B> w </B>

351 707 3 <B> w </B>
352 708 3 <B> w </B>
353 709 3 <B> w </B>
354 710 3 <B> w </B>
355 711 3 <B> w </B>
356 712 3 <B> w </B>
357 713 3 <B> w </B>
358 714 3 <B> w </B>
359 715 3 <B> w </B>
360 716 3 <B> w </B>

361 717 3 <B> w </B>
362 718 3 <B> w </B>
363 719 3 <B> w </B>
364 720 3 <B> w </B>
365 721 3 <B> w </B>
366 722 3 <B> w </B>
367 723 3 <B> w </B>
368 724 3 <B> w </B>
369 725 3 <B> w </B>
370 726 3 <B> w </B>

371 727 3 <B> w </B>
372 728 3 <B> w </B>
373 729 3 <B> w </B>
374 730 3 <B> w </B>
375 731 3 <B> w </B>
376 732 3 <B> w </B>
377 733 3 <B> w </B>
378 734 3 <B> w </B>
379 735 3 <B> w </B>
380 736 3 <B> w </B>

381 737 3 <B> w </B>
382 738 3 <B> w </B>
383 739 3 <B> w </B>
384 740 3 <B> w </B>
385 741 3 <B> w </B>
386 742 3 <B> w </B>
387 743 3 <B> w </B>

388 1 4 <B> w </B>
389 3 4 <B> w </B>
390 5 4 <B> w </B>
391 7 4 <B> w </B>
392 9 4 <B> w </B>
</SURFACES>

<CURVES NUMBER=11>
    1  247    3    <SPLINE> Msten50_50D.geom </SPLINE>
    2  248    3    <SPLINE> Msten50_50D.geom </SPLINE>
    3  249    3    <SPLINE> Msten50_50D.geom </SPLINE>
    4  250    3    <SPLINE> Msten50_50D.geom </SPLINE>
    5  251    3    <SPLINE> Msten50_50D.geom </SPLINE>
    6  252    3    <SPLINE> Msten50_50D.geom </SPLINE>
    7  253    3    <SPLINE> Msten50_50D.geom </SPLINE>
    8  254    3    <SPLINE> Msten50_50D.geom </SPLINE>
    9  255    3    <SPLINE> Msten50_50D.geom </SPLINE>
   10  256    3    <SPLINE> Msten50_50D.geom </SPLINE>
   11  257    3    <SPLINE> Msten50_50D.geom </SPLINE>
</CURVES>

