# Circular cylinder, 268 elements.

<FIELDS NUMBER=3>
        u v p
</FIELDS>

<TOKENS>
        N_TIME    = 2
        N_P       = 6
        IO_FLD    = 500
        IO_CFL    = 50
        IO_HIS    = 10
	T_FINAL   = 500
        D_T       = 0.01
	N_STEP    = int(T_FINAL/D_T)
        Re        = 40.0
        KINVIS    = 1.0/Re
        U         = 1.0
</TOKENS>

<GROUPS NUMBER=4>
        1       v       velocity
        2       w       wall
        3       o       exit
        4       s       symmetry
</GROUPS>

<BCS NUMBER=4>
        1       v       3
                        <D>     u = U           </D>
                        <D>     v = 0.0         </D>
                        <H>     p               </H>
        2       w       3
                        <D>     u = 0.0         </D>
                        <D>     v = 0.0         </D>
                        <H>     p               </H>
        3       o       3
                        <N>     u = 0.0         </N>
                        <N>     v = 0.0         </N>
                        <D>     p = 0.0         </D>
        3       s	3
                        <N>     u = 0.0         </N>
                        <D>     v = 0.0         </D>
                        <N>     p = 0.0         </N>
</BCS>

<NODES NUMBER=309>
    1     1.9616      0.3902         0
    2          2           0         0
    3     2.6816           0         0
    4     2.6147      0.5387         0
    5     1.8478      0.7654         0
    6      2.414      1.0438         0
    7     1.6663      1.1111         0
    8     2.1463      1.4815         0
    9     1.4142      1.4142         0
   10     1.8117      1.8182         0
   11          1      1.7321         0
   12     1.2094      2.0539         0
   13     0.5176      1.9319         0
   14      1.109      2.6936         0
   15          0           2         0
   16          0      2.6936         0
   17     -0.618      1.9021         0
   18    -0.8652      2.5253         0
   19    -1.1756       1.618         0
   20    -1.5344      2.1549         0
   21     -1.618      1.1756         0
   22    -2.1367      1.5488         0
   23    -1.9021       0.618         0
   24    -2.5382      0.8418         0
   25         -2           0         0
   26    -2.6721           0         0
   27     3.3843      0.7071         0
   28     3.4847           0         0
   29      3.217      1.3805         0
   30     2.9159      1.9192         0
   31     2.4474      2.4579         0
   32     4.4885           0         0
   33     4.4216         0.7         0
   34     4.2208         1.4         0
   35     4.0201         2.1         0
   36     3.8193         2.9         0
   37     3.7859         3.7         0
   38     2.4474      3.5354         0
   39     1.1424      3.5354         0
   40          0       3.569         0
   41    -1.1329       3.367         0
   42    -2.1033       2.862         0
   43    -2.9063      2.0539         0
   44    -3.4417      1.1448         0
   45    -3.5755           0         0
   46        3.8      4.9832         0
   47      2.414         4.9         0
   48     1.1424      4.8822         0
   49      -0.12      4.8822         0
   50    -1.5344      4.6801         0
   51    -2.9063      4.0067         0
   52    -4.0105       2.862         0
   53    -4.7467      1.5152         0
   54    -4.9809           0         0
   55        3.8        6.35         0
   56     2.4474       6.431         0
   57     1.0421      6.4646         0
   58    -0.3298      6.3973         0
   59    -2.0029      6.0943         0
   60    -3.7763      5.1852         0
   61    -5.1816      3.7037         0
   62     -6.152      1.9865         0
   63    -6.4197           0         0
   64        3.8           8         0
   65     2.4474           8         0
   66     0.9751           8         0
   67    -0.5641      7.8788         0
   68    -2.4713      7.5084         0
   69    -4.6128      6.3636         0
   70    -6.3862      4.5455         0
   71    -7.5574      2.4579         0
   72    -7.9589           0         0
   73        3.8          10         0
   74     2.4474          10         0
   75     0.9417          10         0
   76    -0.7648       9.899         0
   77    -3.1071      9.4613         0
   78    -5.8843      8.0471         0
   79    -8.1262      5.8586         0
   80    -9.4981       3.064         0
   81        -10           0         0
   82       5.41         0.7         0
   83      5.425           0         0
   84      5.395         1.4         0
   85      5.325         2.1         0
   86       5.25         2.9         0
   87       5.25        3.7         0
   88      5.225           5         0
   89        5.2        6.25         0
   90        5.2           8         0
   91        5.2          10         0
   92        6.4         0.7         0
   93        6.4           0         0
   94        6.4         1.4         0
   95        6.4         2.1         0
   96        6.4         2.9         0
   97        6.4         3.7         0
   98        6.4           5         0
   99        6.4        6.25         0
  100        6.4           8         0
  101        6.4          10         0
  102        7.4         0.7         0
  103        7.4           0         0
  104        7.4         1.4         0
  105        7.4         2.1         0
  106        7.4         2.9         0
  107        7.4         3.7         0
  108        7.4           5         0
  109        7.4        6.25         0
  110        7.4           8         0
  111        7.4          10         0
  112       8.45         0.7         0
  113       8.45           0         0
  114       8.45         1.4         0
  115       8.45         2.1         0
  116       8.45         2.9         0
  117       8.45         3.7         0
  118       8.45           5         0
  119       8.45        6.25         0
  120       8.45           8         0
  121       8.45          10         0
  122        9.5         0.7         0
  123        9.5           0         0
  124        9.5         1.4         0
  125        9.5         2.1         0
  126        9.5         2.9         0
  127        9.5         3.7         0
  128        9.5           5         0
  129        9.5        6.25         0
  130        9.5           8         0
  131        9.5          10         0
  132       10.5         0.7         0
  133       10.5           0         0
  134       10.5         1.4         0
  135       10.5         2.1         0
  136       10.5         2.9         0
  137       10.5         3.7         0
  138       10.5           5         0
  139       10.5        6.25         0
  140       10.5           8         0
  141       10.5          10         0
  142       11.6         0.7         0
  143       11.6           0         0
  144       11.6         1.4         0
  145       11.6         2.1         0
  146       11.6         2.9         0
  147       11.6         3.7         0
  148       11.6           5         0
  149       11.6        6.25         0
  150       11.6           8         0
  151       11.6          10         0
  152       12.8         0.7         0
  153       12.8           0         0
  154       12.8         1.4         0
  155       12.8         2.1         0
  156       12.8         2.9         0
  157       12.8         3.7         0
  158       12.8           5         0
  159       12.8        6.25         0
  160       12.8           8         0
  161       12.8          10         0
  162       14.1         0.7         0
  163       14.1           0         0
  164       14.1         1.4         0
  165       14.1         2.1         0
  166       14.1         2.9         0
  167       14.1         3.7         0
  168       14.1           5         0
  169       14.1        6.25         0
  170       14.1           8         0
  171       14.1          10         0
  172       15.5         0.7         0
  173       15.5           0         0
  174       15.5         1.4         0
  175       15.5         2.1         0
  176       15.5         2.9         0
  177       15.5         3.7         0
  178       15.5           5         0
  179       15.5        6.25         0
  180       15.5           8         0
  181       15.5          10         0
  182       17.1         0.7         0
  183       17.1           0         0
  184       17.1         1.4         0
  185       17.1         2.1         0
  186       17.1         2.9         0
  187       17.1         3.7         0
  188       17.1           5         0
  189       17.1        6.25         0
  190       17.1           8         0
  191       17.1          10         0
  192       18.8         0.7         0
  193       18.8           0         0
  194       18.8         1.4         0
  195       18.8         2.1         0
  196       18.8         2.9         0
  197       18.8         3.7         0
  198       18.8           5         0
  199       18.8        6.25         0
  200       18.8           8         0
  201       18.8          10         0
  202       20.7         0.7         0
  203       20.7           0         0
  204       20.7         1.4         0
  205       20.7         2.1         0
  206       20.7         2.9         0
  207       20.7         3.7         0
  208       20.7           5         0
  209       20.7        6.25         0
  210       20.7           8         0
  211       20.7          10         0
  212      22.75         0.7         0
  213      22.75           0         0
  214      22.75         1.4         0
  215      22.75         2.1         0
  216      22.75         2.9         0
  217      22.75         3.7         0
  218      22.75           5         0
  219      22.75        6.25         0
  220      22.75           8         0
  221      22.75          10         0
  222         25         0.7         0
  223         25           0         0
  224         25         1.4         0
  225         25         2.1         0
  226         25         2.9         0
  227         25         3.7         0
  228         25           5         0
  229         25        6.25         0
  230         25           8         0
  231         25          10         0
  232        1.5           0         0
  233     1.4718      0.2926         0
  234     1.3858       0.574         0
  235     1.2472      0.8334         0
  236     1.0607      1.0607         0
  237       0.75       1.299         0
  238     0.3882      1.4489         0
  239          0         1.5         0
  240    -0.4635      1.4266         0
  241    -0.8817      1.2135         0
  242    -1.2135      0.8817         0
  243    -1.4266      0.4635         0
  244       -1.5           0         0
  245        1.1           0         0
  246     1.0789      0.2146         0
  247     1.0163       0.421         0
  248     0.9146      0.6111         0
  249     0.7778      0.7778         0
  250       0.55      0.9526         0
  251     0.2847      1.0625         0
  252          0         1.1         0
  253    -0.3399      1.0461         0
  254    -0.6466      0.8899         0
  255    -0.8899      0.6466         0
  256    -1.0462      0.3399         0
  257       -1.1           0         0
  258        0.8           0         0
  259     0.7846      0.1561         0
  260     0.7391      0.3061         0
  261     0.6651      0.4445         0
  262     0.5657      0.5657         0
  263        0.4      0.6928         0
  264     0.2071      0.7727         0
  265          0         0.8         0
  266    -0.2472      0.7608         0
  267    -0.4702      0.6472         0
  268    -0.6472      0.4702         0
  269    -0.7608      0.2472         0
  270       -0.8           0         0
  271        0.6           0         0
  272     0.5885      0.1171         0
  273     0.5543      0.2296         0
  274     0.4989      0.3333         0
  275     0.4243      0.4243         0
  276        0.3      0.5196         0
  277     0.1553      0.5796         0
  278          0         0.6         0
  279    -0.1854      0.5706         0
  280    -0.3527      0.4854         0
  281    -0.4854      0.3527         0
  282    -0.5706      0.1854         0
  283       -0.6           0         0
  284       0.53           0         0
  285     0.5198      0.1034         0
  286     0.4897      0.2028         0
  287     0.4407      0.2946         0
  288     0.3748      0.3748         0
  289      0.265       0.459         0
  290     0.1372      0.5119         0
  291          0        0.53         0
  292    -0.1638      0.5041         0
  293    -0.3115      0.4288         0
  294    -0.4288      0.3115         0
  295    -0.5041      0.1638         0
  296      -0.53           0         0
  297        0.5           0         0
  298     0.4904      0.0975         0
  299     0.4619      0.1913         0
  300     0.4157      0.2778         0
  301     0.3536      0.3536         0
  302       0.25       0.433         0
  303     0.1294       0.483         0
  304          0         0.5         0
  305    -0.1545      0.4755         0
  306    -0.2939      0.4045         0
  307    -0.4045      0.2939         0
  308    -0.4755      0.1545         0
  309       -0.5           0         0
</NODES>

<ELEMENTS NUMBER=268>
1   <Q>    1    2    3    4 </Q>
2   <Q>    5    1    4    6 </Q>
3   <Q>    7    5    6    8 </Q>
4   <Q>    9    7    8   10 </Q>
5   <Q>   11    9   10   12 </Q>
6   <Q>   13   11   12   14 </Q>
7   <Q>   15   13   14   16 </Q>
8   <Q>   17   15   16   18 </Q>
9   <Q>   19   17   18   20 </Q>
10   <Q>   21   19   20   22 </Q>
11   <Q>   23   21   22   24 </Q>
12   <Q>   25   23   24   26 </Q>
13   <Q>   27    4    3   28 </Q>
14   <Q>   29    6    4   27 </Q>
15   <Q>   30    8    6   29 </Q>
16   <Q>   31   10    8   30 </Q>
17   <Q>   31   14   12   10 </Q>
18   <Q>   32   33   27   28 </Q>
19   <Q>   34   29   27   33 </Q>
20   <Q>   35   30   29   34 </Q>
21   <Q>   36   31   30   35 </Q>
22   <Q>   37   38   31   36 </Q>
23   <Q>   39   14   31   38 </Q>
24   <Q>   40   16   14   39 </Q>
25   <Q>   41   18   16   40 </Q>
26   <Q>   42   20   18   41 </Q>
27   <Q>   43   22   20   42 </Q>
28   <Q>   44   24   22   43 </Q>
29   <Q>   45   26   24   44 </Q>
30   <Q>   46   47   38   37 </Q>
31   <Q>   48   39   38   47 </Q>
32   <Q>   49   40   39   48 </Q>
33   <Q>   50   41   40   49 </Q>
34   <Q>   51   42   41   50 </Q>
35   <Q>   52   43   42   51 </Q>
36   <Q>   53   44   43   52 </Q>
37   <Q>   54   45   44   53 </Q>
38   <Q>   55   56   47   46 </Q>
39   <Q>   57   48   47   56 </Q>
40   <Q>   58   49   48   57 </Q>
41   <Q>   59   50   49   58 </Q>
42   <Q>   60   51   50   59 </Q>
43   <Q>   61   52   51   60 </Q>
44   <Q>   62   53   52   61 </Q>
45   <Q>   63   54   53   62 </Q>
46   <Q>   64   65   56   55 </Q>
47   <Q>   66   57   56   65 </Q>
48   <Q>   67   58   57   66 </Q>
49   <Q>   68   59   58   67 </Q>
50   <Q>   69   60   59   68 </Q>
51   <Q>   70   61   60   69 </Q>
52   <Q>   71   62   61   70 </Q>
53   <Q>   72   63   62   71 </Q>
54   <Q>   73   74   65   64 </Q>
55   <Q>   75   66   65   74 </Q>
56   <Q>   76   67   66   75 </Q>
57   <Q>   77   68   67   76 </Q>
58   <Q>   78   69   68   77 </Q>
59   <Q>   79   70   69   78 </Q>
60   <Q>   80   71   70   79 </Q>
61   <Q>   81   72   71   80 </Q>
62   <Q>   82   33   32   83 </Q>
63   <Q>   84   34   33   82 </Q>
64   <Q>   85   35   34   84 </Q>
65   <Q>   86   36   35   85 </Q>
66   <Q>   87   37   36   86 </Q>
67   <Q>   88   46   37   87 </Q>
68   <Q>   89   55   46   88 </Q>
69   <Q>   90   64   55   89 </Q>
70   <Q>   91   73   64   90 </Q>
71   <Q>   92   82   83   93 </Q>
72   <Q>   94   84   82   92 </Q>
73   <Q>   95   85   84   94 </Q>
74   <Q>   96   86   85   95 </Q>
75   <Q>   97   87   86   96 </Q>
76   <Q>   98   88   87   97 </Q>
77   <Q>   99   89   88   98 </Q>
78   <Q>  100   90   89   99 </Q>
79   <Q>  101   91   90  100 </Q>
80   <Q>  102   92   93  103 </Q>
81   <Q>  104   94   92  102 </Q>
82   <Q>  105   95   94  104 </Q>
83   <Q>  106   96   95  105 </Q>
84   <Q>  107   97   96  106 </Q>
85   <Q>  108   98   97  107 </Q>
86   <Q>  109   99   98  108 </Q>
87   <Q>  110  100   99  109 </Q>
88   <Q>  111  101  100  110 </Q>
89   <Q>  112  102  103  113 </Q>
90   <Q>  114  104  102  112 </Q>
91   <Q>  115  105  104  114 </Q>
92   <Q>  116  106  105  115 </Q>
93   <Q>  117  107  106  116 </Q>
94   <Q>  118  108  107  117 </Q>
95   <Q>  119  109  108  118 </Q>
96   <Q>  120  110  109  119 </Q>
97   <Q>  121  111  110  120 </Q>
98   <Q>  122  112  113  123 </Q>
99   <Q>  124  114  112  122 </Q>
100   <Q>  125  115  114  124 </Q>
101   <Q>  126  116  115  125 </Q>
102   <Q>  127  117  116  126 </Q>
103   <Q>  128  118  117  127 </Q>
104   <Q>  129  119  118  128 </Q>
105   <Q>  130  120  119  129 </Q>
106   <Q>  131  121  120  130 </Q>
107   <Q>  132  122  123  133 </Q>
108   <Q>  134  124  122  132 </Q>
109   <Q>  135  125  124  134 </Q>
110   <Q>  136  126  125  135 </Q>
111   <Q>  137  127  126  136 </Q>
112   <Q>  138  128  127  137 </Q>
113   <Q>  139  129  128  138 </Q>
114   <Q>  140  130  129  139 </Q>
115   <Q>  141  131  130  140 </Q>
116   <Q>  142  132  133  143 </Q>
117   <Q>  144  134  132  142 </Q>
118   <Q>  145  135  134  144 </Q>
119   <Q>  146  136  135  145 </Q>
120   <Q>  147  137  136  146 </Q>
121   <Q>  148  138  137  147 </Q>
122   <Q>  149  139  138  148 </Q>
123   <Q>  150  140  139  149 </Q>
124   <Q>  151  141  140  150 </Q>
125   <Q>  152  142  143  153 </Q>
126   <Q>  154  144  142  152 </Q>
127   <Q>  155  145  144  154 </Q>
128   <Q>  156  146  145  155 </Q>
129   <Q>  157  147  146  156 </Q>
130   <Q>  158  148  147  157 </Q>
131   <Q>  159  149  148  158 </Q>
132   <Q>  160  150  149  159 </Q>
133   <Q>  161  151  150  160 </Q>
134   <Q>  162  152  153  163 </Q>
135   <Q>  164  154  152  162 </Q>
136   <Q>  165  155  154  164 </Q>
137   <Q>  166  156  155  165 </Q>
138   <Q>  167  157  156  166 </Q>
139   <Q>  168  158  157  167 </Q>
140   <Q>  169  159  158  168 </Q>
141   <Q>  170  160  159  169 </Q>
142   <Q>  171  161  160  170 </Q>
143   <Q>  172  162  163  173 </Q>
144   <Q>  174  164  162  172 </Q>
145   <Q>  175  165  164  174 </Q>
146   <Q>  176  166  165  175 </Q>
147   <Q>  177  167  166  176 </Q>
148   <Q>  178  168  167  177 </Q>
149   <Q>  179  169  168  178 </Q>
150   <Q>  180  170  169  179 </Q>
151   <Q>  181  171  170  180 </Q>
152   <Q>  182  172  173  183 </Q>
153   <Q>  184  174  172  182 </Q>
154   <Q>  185  175  174  184 </Q>
155   <Q>  186  176  175  185 </Q>
156   <Q>  187  177  176  186 </Q>
157   <Q>  188  178  177  187 </Q>
158   <Q>  189  179  178  188 </Q>
159   <Q>  190  180  179  189 </Q>
160   <Q>  191  181  180  190 </Q>
161   <Q>  192  182  183  193 </Q>
162   <Q>  194  184  182  192 </Q>
163   <Q>  195  185  184  194 </Q>
164   <Q>  196  186  185  195 </Q>
165   <Q>  197  187  186  196 </Q>
166   <Q>  198  188  187  197 </Q>
167   <Q>  199  189  188  198 </Q>
168   <Q>  200  190  189  199 </Q>
169   <Q>  201  191  190  200 </Q>
170   <Q>  202  192  193  203 </Q>
171   <Q>  204  194  192  202 </Q>
172   <Q>  205  195  194  204 </Q>
173   <Q>  206  196  195  205 </Q>
174   <Q>  207  197  196  206 </Q>
175   <Q>  208  198  197  207 </Q>
176   <Q>  209  199  198  208 </Q>
177   <Q>  210  200  199  209 </Q>
178   <Q>  211  201  200  210 </Q>
179   <Q>  212  202  203  213 </Q>
180   <Q>  214  204  202  212 </Q>
181   <Q>  215  205  204  214 </Q>
182   <Q>  216  206  205  215 </Q>
183   <Q>  217  207  206  216 </Q>
184   <Q>  218  208  207  217 </Q>
185   <Q>  219  209  208  218 </Q>
186   <Q>  220  210  209  219 </Q>
187   <Q>  221  211  210  220 </Q>
188   <Q>  222  212  213  223 </Q>
189   <Q>  224  214  212  222 </Q>
190   <Q>  225  215  214  224 </Q>
191   <Q>  226  216  215  225 </Q>
192   <Q>  227  217  216  226 </Q>
193   <Q>  228  218  217  227 </Q>
194   <Q>  229  219  218  228 </Q>
195   <Q>  230  220  219  229 </Q>
196   <Q>  231  221  220  230 </Q>
197   <Q>  232    2    1  233 </Q>
198   <Q>  233    1    5  234 </Q>
199   <Q>  234    5    7  235 </Q>
200   <Q>  235    7    9  236 </Q>
201   <Q>  236    9   11  237 </Q>
202   <Q>  237   11   13  238 </Q>
203   <Q>  238   13   15  239 </Q>
204   <Q>  239   15   17  240 </Q>
205   <Q>  240   17   19  241 </Q>
206   <Q>  241   19   21  242 </Q>
207   <Q>  242   21   23  243 </Q>
208   <Q>  243   23   25  244 </Q>
209   <Q>  245  232  233  246 </Q>
210   <Q>  246  233  234  247 </Q>
211   <Q>  247  234  235  248 </Q>
212   <Q>  248  235  236  249 </Q>
213   <Q>  249  236  237  250 </Q>
214   <Q>  250  237  238  251 </Q>
215   <Q>  251  238  239  252 </Q>
216   <Q>  252  239  240  253 </Q>
217   <Q>  253  240  241  254 </Q>
218   <Q>  254  241  242  255 </Q>
219   <Q>  255  242  243  256 </Q>
220   <Q>  256  243  244  257 </Q>
221   <Q>  258  245  246  259 </Q>
222   <Q>  259  246  247  260 </Q>
223   <Q>  260  247  248  261 </Q>
224   <Q>  261  248  249  262 </Q>
225   <Q>  262  249  250  263 </Q>
226   <Q>  263  250  251  264 </Q>
227   <Q>  264  251  252  265 </Q>
228   <Q>  265  252  253  266 </Q>
229   <Q>  266  253  254  267 </Q>
230   <Q>  267  254  255  268 </Q>
231   <Q>  268  255  256  269 </Q>
232   <Q>  269  256  257  270 </Q>
233   <Q>  271  258  259  272 </Q>
234   <Q>  272  259  260  273 </Q>
235   <Q>  273  260  261  274 </Q>
236   <Q>  274  261  262  275 </Q>
237   <Q>  275  262  263  276 </Q>
238   <Q>  276  263  264  277 </Q>
239   <Q>  277  264  265  278 </Q>
240   <Q>  278  265  266  279 </Q>
241   <Q>  279  266  267  280 </Q>
242   <Q>  280  267  268  281 </Q>
243   <Q>  281  268  269  282 </Q>
244   <Q>  282  269  270  283 </Q>
245   <Q>  284  271  272  285 </Q>
246   <Q>  285  272  273  286 </Q>
247   <Q>  286  273  274  287 </Q>
248   <Q>  287  274  275  288 </Q>
249   <Q>  288  275  276  289 </Q>
250   <Q>  289  276  277  290 </Q>
251   <Q>  290  277  278  291 </Q>
252   <Q>  291  278  279  292 </Q>
253   <Q>  292  279  280  293 </Q>
254   <Q>  293  280  281  294 </Q>
255   <Q>  294  281  282  295 </Q>
256   <Q>  295  282  283  296 </Q>
257   <Q>  297  284  285  298 </Q>
258   <Q>  298  285  286  299 </Q>
259   <Q>  299  286  287  300 </Q>
260   <Q>  300  287  288  301 </Q>
261   <Q>  301  288  289  302 </Q>
262   <Q>  302  289  290  303 </Q>
263   <Q>  303  290  291  304 </Q>
264   <Q>  304  291  292  305 </Q>
265   <Q>  305  292  293  306 </Q>
266   <Q>  306  293  294  307 </Q>
267   <Q>  307  294  295  308 </Q>
268   <Q>  308  295  296  309 </Q>
</ELEMENTS>

<CURVES NUMBER=12>
1       257     4       <ARC> -0.5 </ARC>
2       258     4       <ARC> -0.5 </ARC>
3       259     4       <ARC> -0.5 </ARC>
4       260     4       <ARC> -0.5 </ARC>
5       261     4       <ARC> -0.5 </ARC>
6       262     4       <ARC> -0.5 </ARC>
7       263     4       <ARC> -0.5 </ARC>
8       264     4       <ARC> -0.5 </ARC>
9       265     4       <ARC> -0.5 </ARC>
10      266     4       <ARC> -0.5 </ARC>
11      267     4       <ARC> -0.5 </ARC>
12      268     4       <ARC> -0.5 </ARC>
</CURVES>

<SURFACES NUMBER=80>
1       257     4       <B>	w	</B>
2       258     4       <B>	w	</B>
3       259     4       <B>	w	</B>
4       260     4       <B>	w	</B>
5       261     4       <B>	w	</B>
6       262     4       <B>	w	</B>
7       263     4       <B>	w	</B>
8       264     4       <B>	w	</B>
9       265     4       <B>	w	</B>
10      266     4       <B>	w	</B>
11      267     4       <B>	w	</B>
12      268     4       <B>	w	</B>

13      196	4	<B>	o	</B>
14      195	4	<B>	o	</B>
15      194	4	<B>	o	</B>
16      193	4	<B>	o	</B>
17      192	4	<B>	o	</B>
18      191	4	<B>	o	</B>
19      190	4	<B>	o	</B>
20      189	4	<B>	o	</B>
21      188	4	<B>	o	</B>

22	54      1	<B>	v	</B>
23	55      4	<B>	v	</B>
24	56      4	<B>	v	</B>
25	57      4	<B>	v	</B>
26	58      4	<B>	v	</B>
27	59      4	<B>	v	</B>
28	60      4	<B>	v	</B>
29	61      4	<B>	v	</B>

30	70	1	<B>	v	</B>
31	79	1	<B>	v	</B>
32	88	1	<B>	v	</B>
33	97	1	<B>	v	</B>
34	106     1	<B>	v	</B>
35	115     1	<B>	v	</B>
36	124     1	<B>	v	</B>
37	133     1	<B>	v	</B>
38	142     1	<B>	v	</B>
39	151     1	<B>	v	</B>
40	160     1	<B>	v	</B>
41	169     1	<B>	v	</B>
42	178     1	<B>	v	</B>
43	187     1	<B>	v	</B>
44	196     1	<B>	v	</B>

45	61	1	<B>	v	</B>
46	53	1	<B>	v	</B>
47	45	1	<B>	v	</B>
48	37	1	<B>	v	</B>
49	29	1	<B>	v	</B>
50	12	4	<B>	v	</B>
51	208	3	<B>	v	</B>
52	220	3	<B>	v	</B>
53	232	3	<B>	v	</B>
54	244	3	<B>	v	</B>
55	256	3	<B>	v	</B>
56	268	3	<B>	v	</B>

57	257	1	<B>	v	</B>
58	245	1	<B>	v	</B>
59	233	1	<B>	v	</B>
60	221	1	<B>	v	</B>
61	209	1	<B>	v	</B>
62	197	1	<B>	v	</B>
63	1	2	<B>	v	</B>
64	13	3	<B>	v	</B>
65	18	4	<B>	v	</B>
66	62	3	<B>	v	</B>
67	71	3	<B>	v	</B>
68	80	3	<B>	v	</B>
69	89	3	<B>	v	</B>
70	98	3	<B>	v	</B>
71	107	3	<B>	v	</B>
72	116	3	<B>	v	</B>
73	125	3	<B>	v	</B>
74	134	3	<B>	v	</B>
75	143	3	<B>	v	</B>
76	152	3	<B>	v	</B>
77	161	3	<B>	v	</B>
78	170	3	<B>	v	</B>
79	179	3	<B>	v	</B>
80	188	3	<B>	v	</B>
</SURFACES>
