# A mesh for a conical-bottom tank.

<TOKENS>
	CYLINDRICAL	= 1

	N_Z		= 2
	N_P		= 7
	BETA		= 1.0

	N_TIME		= 1
	N_STEP		= 100
	D_T		= 0.01
	KINVIS		= 2.0
	
	IO_CFL		= 10
</TOKENS>

<FIELDS>
	u v w p
</FIELDS>

<GROUPS NUMBER=5>
	1	a	axis
	2	w	wall
	3	i	inlet
	4	o	exit
	5	f	free
</GROUPS>

<BCS NUMBER=5>
	1	a	4
			<A>	u = 0.0		</A>
			<A>	v = 0.0		</A>
			<A>	w = 0.0		</A>
			<A>	p = 0.0		</A>
	2	w	4
			<D>	u = 0.0		</D>
			<D>	v = 0.0		</D>
			<D>	w = 0.0		</D>
			<H>	p = 0.0		</H>
	3	i	4
			<D>	u = 1.0		</D>
			<D>	v = -0.1	</D>
			<D>	w = 1.0		</D>
			<H>	p = 0.0		</H>
	4	o	4
			<N>	u = 0.0		</N>
			<N>	v = 0.0		</N>
			<N>	w = 0.0		</N>
			<D>	p = 0.0		</D>
	5	f	4
			<D>	u = 0.0		</D>
			<N>	v = 0.0		</N>
			<N>	w = 0.0		</N>
			<D>	p = 0.0		</D>
</BCS>

<NODES NUMBER=223>
    1          15          25         0
    2          45          25         0
    3          80          25         0
    4         115          25         0
    5         155          25         0
    6         190          25         0
    7         230          25         0
    8         275          25         0
    9         320          25         0
   10         370          25         0
   11         420          25         0
   12         470          25         0
   13         525          25         0
   14         580          25         0
   15         630          25         0
   16         675          25         0
   17         720          25         0
   18         755          25         0
   19         790          25         0
   20         820          25         0
   21         845          25         0
   22         870          25         0
   23         890          25         0
   24         915          25         0
   25         930          25         0
   26         930          35         0
   27         930          45         0
   28     915.901     59.0988         0
   29     898.983     76.0174         0
   30      878.68     96.3196         0
   31     854.318     120.682         0
   32     825.082     149.918         0
   33         790         185         0
   34         735         185         0
   35         680         185         0
   36         630         185         0
   37         575         185         0
   38         520         185         0
   39         465         185         0
   40         410         185         0
   41         360         185         0
   42         305         185         0
   43         250         185         0
   44     225.581         185         0
   45     203.603         185         0
   46     183.823         185         0
   47     166.022         185         0
   48         150         185         0
   49      138.75         185         0
   50       127.5         185         0
   51      116.25         185         0
   52         105         185         0
   53       93.75         185         0
   54        82.5         185         0
   55       71.25         185         0
   56          60         185         0
   57       48.75         185         0
   58        37.5         185         0
   59       26.25         185         0
   60          15         185         0
   61          15         165         0
   62          15         150         0
   63          15         130         0
   64          15         105         0
   65          15          80         0
   66          15          55         0

   67     46.9617     55.9797         0
   68     80.1918     58.4221         0
   69     115.393     61.3326         0
   70     153.197     64.5255         0
   71     193.285     64.1189         0
   72     233.253     63.9298         0
   73     272.665     64.7915         0
   74     883.039     63.1703         0
   75     897.805     54.5115         0
   76     861.051      76.693         0
   77     833.476     94.8807         0
   78      804.31     119.694         0
   79     778.266      142.79         0
   80     240.715     142.918         0
   81      296.87     125.504         0
   82     222.435     163.771         0
   83      201.01     163.395         0
   84     177.856     166.305         0
   85     162.375     172.136         0
   86     150.441     175.339         0
   87     138.949     168.881         0
   88      128.54     176.129         0
   89     119.172     174.508         0
   90     108.003     171.066         0
   91     94.2739     170.639         0
   92     80.8743     171.054         0
   93     70.0294     173.236         0
   94     59.4656     173.453         0
   95     48.9735     173.844         0
   96     38.8445     173.288         0
   97      28.447     170.346         0
   98     33.6935      154.96         0
   99     37.5173     135.909         0
  100     42.7658     113.085         0
  101     45.6139     85.6198         0
  102     123.895     165.836         0
  103     113.564     154.119         0
  104     104.567     129.175         0
  105     112.175     97.3836         0
  106     58.6097     146.413         0
  107     76.6939      155.34         0
  108     94.4684     155.439         0
  109     72.9319     124.082         0
  110      77.728     91.3768         0
  111     93.3415     141.658         0
  112     80.9891      140.36         0
  113     68.5275     163.437         0
  114      48.834     163.635         0
  115     47.0457     155.003         0
  116     58.8592     161.735         0
  117     40.4573     163.961         0
  118     469.339     77.9495         0
  119     467.604     131.276         0
  120     267.886     97.3681         0
  121     416.225     77.4766         0
  122     413.484      130.78         0
  123     358.105     129.365         0
  124     364.068     76.1775         0
  125     313.641     72.8682         0
  126     200.145     138.505         0
  127     194.641     103.021         0
  128     234.124     101.809         0
  129     136.888     149.081         0
  130     164.216     144.689         0
  131     130.822     128.635         0
  132      151.01     107.651         0
  133      155.18     161.902         0
  134     521.595     131.376         0
  135     523.328      78.045         0
  136     577.377     77.8543         0
  137     575.446     131.184         0
  138     629.295     77.1885         0
  139     628.814     130.504         0
  140      849.01     52.4014         0
  141     678.752     75.3958         0
  142     682.513     128.644         0
  143     814.226     62.4534         0
  144     788.775     48.7958         0
  145     762.641      58.934         0
  146     725.245     70.7511         0
  147     780.416     91.1891         0
  148     740.488     123.675         0
  149     874.317     45.4593         0
  150     913.166     40.0911         0
  151     894.474     41.2655         0

  152	        0	    0	      0
  153          15           0         0
  154          45           0         0
  155          80           0         0
  156         115           0         0
  157         155           0         0
  158         190           0         0
  159         230           0         0
  160         275           0         0
  161         320           0         0
  162         370           0         0
  163         420           0         0
  164         470           0         0
  165         525           0         0
  166         580           0         0
  167         630           0         0
  168         675           0         0
  169         720           0         0
  170         755           0         0
  171         790           0         0
  172         820           0         0
  173         845           0         0
  174         870           0         0
  175         890           0         0
  176         915           0         0
  177         930           0         0
  178         940	    0	      0
  179         940          25         0
  180         940          35         0
  181         940          50         0
  182     925.901     59.0988         0
  183     902.983     76.0174         0
  184      883.68     96.3196         0
  185     860.318     120.682         0
  186     830.082     149.918         0
  187         790         195         0
  188         735         195         0
  189         680         195         0
  190         630         195         0
  191         575         195         0
  192         520         195         0
  193         465         195         0
  194         410         195         0
  195         360         195         0
  196         305         195         0
  197         250         195         0
  198     225.581         195         0
  199     203.603         195         0
  200     183.823         195         0
  201     166.022         195         0
  202         150         195         0
  203      138.75         195         0
  204       127.5         195         0
  205      116.25         195         0
  206         105         195         0
  207       93.75         195         0
  208        82.5         195         0
  209       71.25         195         0
  210          60         195         0
  211       48.75         195         0
  212        37.5         195         0
  213       26.25         195         0
  214          15         195         0
  215           0	  195         0
  216           0         185	      0
  217           0         165         0
  218           0         150         0
  219           0         130         0
  220           0         105         0
  221           0          80         0
  222           0          55         0
  223           0          25	      0
</NODES>

<ELEMENTS NUMBER=186>
    1	<Q>   67   66    1    2		</Q>
    2	<Q>   68   67    2    3		</Q>
    3	<Q>   69   68    3    4		</Q>
    4	<Q>   70   69    4    5		</Q>
    5	<Q>   71   70    5    6		</Q>
    6	<Q>   72   71    6    7		</Q>
    7	<Q>   73   72    7    8		</Q>
    8	<Q>   74   75   28   29		</Q>
    9	<Q>   76   74   29   30		</Q>
   10	<Q>   77   76   30   31		</Q>
   11	<Q>   78   77   31   32		</Q>
   12	<Q>   79   78   32   33		</Q>
   13	<Q>   80   81   42   43		</Q>
   14	<Q>   82   80   43   44		</Q>
   15	<Q>   83   82   44   45		</Q>
   16	<Q>   84   83   45   46		</Q>
   17	<Q>   85   84   46   47		</Q>
   18	<Q>   86   85   47   48		</Q>
   19	<Q>   87   86   48   49		</Q>
   20	<Q>   88   87   49   50		</Q>
   21	<Q>   89   88   50   51		</Q>
   22	<Q>   90   89   51   52		</Q>
   23	<Q>   91   90   52   53		</Q>
   24	<Q>   92   91   53   54		</Q>
   25	<Q>   93   92   54   55		</Q>
   26	<Q>   94   93   55   56		</Q>
   27	<Q>   95   94   56   57		</Q>
   28	<Q>   96   95   57   58		</Q>
   29	<Q>   97   96   58   59		</Q>
   30	<Q>   97   59   60   61		</Q>
   31	<Q>   98   97   61   62		</Q>
   32	<Q>   99   98   62   63		</Q>
   33	<Q>  100   99   63   64		</Q>
   34	<Q>  101  100   64   65		</Q>
   35	<Q>  101   65   66   67		</Q>
   36	<Q>  104  103  108  111		</Q>
   37	<Q>  111  112  109  104		</Q>
   38	<Q>  107  106  109  112		</Q>
   39	<Q>  112  111  108  107		</Q>
   40	<Q>  110   68   69  105		</Q>
   41	<Q>  105  104  109  110		</Q>
   42	<Q>  101   67   68  110		</Q>
   43	<Q>  110  109  100  101		</Q>
   44	<Q>  109  106   99  100		</Q>
   45	<Q>  107  108   91   92		</Q>
   46	<Q>   92   93  113  107		</Q>
   47	<Q>  116  113   93   94		</Q>
   48	<Q>   94   95  114  116		</Q>
   49	<Q>  106  107  113  116		</Q>
   50	<Q>  116  114  115  106		</Q>
   51	<Q>   98   99  106  115		</Q>
   52	<Q>  117  114   95   96		</Q>
   53	<Q>   98  115  114  117		</Q>
   54	<Q>  117   96   97   98		</Q>
   55	<Q>  103  102   89   90		</Q>
   56	<Q>   90   91  108  103		</Q>
   57	<Q>  121  122  123  124		</Q>
   58	<Q>  124   10   11  121		</Q>
   59	<Q>  125   73    8    9		</Q>
   60	<Q>    9   10  124  125		</Q>
   61	<Q>   81  120   73  125		</Q>
   62	<Q>  125  124  123   81		</Q>
   63	<Q>   41   42   81  123		</Q>
   64	<Q>  123  122   40   41		</Q>
   65	<Q>  122  121  118  119		</Q>
   66	<Q>  119   39   40  122		</Q>
   67	<Q>  121   11   12  118		</Q>
   68	<Q>  127   71   72  128		</Q>
   69	<Q>   80   82   83  126		</Q>
   70	<Q>  126  127  128   80		</Q>
   71	<Q>  120   81   80  128		</Q>
   72	<Q>  128   72   73  120		</Q>
   73	<Q>  132  127  126  130		</Q>
   74	<Q>  130  129  131  132		</Q>
   75	<Q>  132   70   71  127		</Q>
   76	<Q>  132  131  104  105		</Q>
   77	<Q>  105   69   70  132		</Q>
   78	<Q>  131  129  103  104		</Q>
   79	<Q>   87   88   89  102		</Q>
   80	<Q>  102  103  129   87		</Q>
   81	<Q>   87  129  130  133		</Q>
   82	<Q>  133   85   86   87		</Q>
   83	<Q>   84   85  133  130		</Q>
   84	<Q>  130  126   83   84		</Q>
   85	<Q>  135  134  119  118		</Q>
   86	<Q>  118   12   13  135		</Q>
   87	<Q>  134   38   39  119		</Q>
   88	<Q>  135   13   14  136		</Q>
   89	<Q>  136  137  134  135		</Q>
   90	<Q>  137   37   38  134		</Q>
   91	<Q>  136   14   15  138		</Q>
   92	<Q>  137  136  138  139		</Q>
   93	<Q>  139   36   37  137		</Q>
   94	<Q>   19   20  143  144		</Q>
   95	<Q>   18   19  144  145		</Q>
   96	<Q>  146  141   16   17		</Q>
   97	<Q>   17   18  145  146		</Q>
   98	<Q>  148  147   78   79		</Q>
   99	<Q>   79   33   34  148		</Q>
  100	<Q>  148  146  145  147		</Q>
  101	<Q>  142  141  146  148		</Q>
  102	<Q>  148   34   35  142		</Q>
  103	<Q>  143   77   78  147		</Q>
  104	<Q>  147  145  144  143		</Q>
  105	<Q>  140   76   77  143		</Q>
  106	<Q>  143   20   21  140		</Q>
  107	<Q>  138   15   16  141		</Q>
  108	<Q>  142   35   36  139		</Q>
  109	<Q>  139  138  141  142		</Q>
  110	<Q>  149   74   76  140		</Q>
  111	<Q>  140   21   22  149		</Q>
  112	<Q>   75   74  149  151		</Q>
  113	<Q>   28   75  151  150		</Q>
  114	<Q>  150   26   27   28		</Q>
  115	<Q>   24   25   26  150		</Q>
  116	<Q>   23   24  150  151		</Q>
  117	<Q>  151  149   22   23		</Q>

  118	<Q>  152  153    1  223		</Q>
  119	<Q>  153  154    2    1		</Q>
  120	<Q>  154  155    3    2		</Q>
  121	<Q>  155  156    4    3		</Q>
  122	<Q>  156  157    5    4		</Q>
  123	<Q>  157  158    6    5		</Q>
  124	<Q>  158  159    7    6		</Q>
  125	<Q>  159  160    8    7		</Q>
  126	<Q>  160  161    9    8		</Q>
  127	<Q>  161  162   10    9		</Q>
  128	<Q>  162  163   11   10		</Q>
  129	<Q>  163  164   12   11		</Q>
  130	<Q>  164  165   13   12		</Q>
  131	<Q>  165  166   14   13		</Q>
  132	<Q>  166  167   15   14		</Q>
  133	<Q>  167  168   16   15		</Q>
  134	<Q>  168  169   17   16		</Q>
  135	<Q>  169  170   18   17		</Q>
  136	<Q>  170  171   19   18		</Q>
  137	<Q>  171  172   20   19		</Q>
  138	<Q>  172  173   21   20		</Q>
  139	<Q>  173  174   22   21		</Q>
  140	<Q>  174  175   23   22		</Q>
  141	<Q>  175  176   24   23		</Q>
  142	<Q>  176  177   25   24		</Q>
  143	<Q>  177  178  179   25		</Q>
  
  144	<Q>   25  179  180   26		</Q>
  145	<Q>   26  180  181   27		</Q>
  146	<Q>   27  181  182   28		</Q>
  147	<Q>   28  182  183   29		</Q>
  148	<Q>   29  183  184   30		</Q>
  149	<Q>   30  184  185   31		</Q>
  150	<Q>   31  185  186   32		</Q>
  151	<Q>   32  186  187   33		</Q>

  152	<Q>   34   33  187  188		</Q>
  153	<Q>   35   34  188  189		</Q>
  154	<Q>   36   35  189  190		</Q>
  155	<Q>   37   36  190  191		</Q>
  156	<Q>   38   37  191  192		</Q>
  157	<Q>   39   38  192  193		</Q>
  158	<Q>   40   39  193  194		</Q>
  159	<Q>   41   40  194  195		</Q>
  160	<Q>   42   41  195  196		</Q>
  161	<Q>   43   42  196  197		</Q>
  162	<Q>   44   43  197  198		</Q>
  163	<Q>   45   44  198  199		</Q>
  164	<Q>   46   45  199  200		</Q>
  165	<Q>   47   46  200  201		</Q>
  166	<Q>   48   47  201  202		</Q>
  167	<Q>   49   48  202  203		</Q>
  168	<Q>   50   49  203  204		</Q>
  169	<Q>   51   50  204  205		</Q>
  170	<Q>   52   51  205  206		</Q>
  171	<Q>   53   52  206  207		</Q>
  172	<Q>   54   53  207  208		</Q>
  173	<Q>   55   54  208  209		</Q>
  174	<Q>   56   55  209  210		</Q>
  175	<Q>   57   56  210  211		</Q>
  176	<Q>   58   57  211  212		</Q>
  177	<Q>   59   58  212  213		</Q>
  178	<Q>   60   59  213  214		</Q>
  179	<Q>  216   60  214  215		</Q>

  180	<Q>  217   61   60  216		</Q>
  181	<Q>  218   62   61  217		</Q>
  182	<Q>  219   63   62  218		</Q>
  183	<Q>  220   64   63  219		</Q>
  184	<Q>  221   65   64  220		</Q>
  185	<Q>  222   66   65  221		</Q>
  186	<Q>  223    1   66  222		</Q>
</ELEMENTS>

<SURFACES NUMBER=72>
	1	118	1	<B>	a	</B>
	2	119	1	<B>	a	</B>
	3	120	1	<B>	a	</B>
	4	121	1	<B>	a	</B>
	5	122	1	<B>	a	</B>
	6	123	1	<B>	a	</B>
	7	124	1	<B>	a	</B>
	8	125	1	<B>	a	</B>
	9	126	1	<B>	a	</B>
	10	127	1	<B>	a	</B>
	11	128	1	<B>	a	</B>
	12	129	1	<B>	a	</B>
	13	130	1	<B>	a	</B>
	14	131	1	<B>	a	</B>
	15	132	1	<B>	a	</B>
	16	133	1	<B>	a	</B>
	17	134	1	<B>	a	</B>
	18	135	1	<B>	a	</B>
	19	136	1	<B>	a	</B>
	20	137	1	<B>	a	</B>
	21	138	1	<B>	a	</B>
	22	139	1	<B>	a	</B>
	23	140	1	<B>	a	</B>
	24	141	1	<B>	a	</B>
	25	142	1	<B>	a	</B>
	26	143	1	<B>	a	</B>

	27	143	2	<B>	w	</B>
	28	144	2	<B>	w	</B>
	29	145	2	<B>	w	</B>
	30	146	2	<B>	w	</B>
	31	147	2	<B>	w	</B>
	32	148	2	<B>	w	</B>
	33	149	2	<B>	w	</B>
	34	150	2	<B>	w	</B>
	35	151	2	<B>	w	</B>

	36	152	3	<B>	w	</B>
	37	153	3	<B>	w	</B>
	38	154	3	<B>	w	</B>
	39	155	3	<B>	w	</B>
	40	156	3	<B>	w	</B>
	41	157	3	<B>	w	</B>
	42	158	3	<B>	w	</B>
	43	159	3	<B>	w	</B>
	44	160	3	<B>	w	</B>
	45	161	3	<B>	w	</B>
	46	162	3	<B>	w	</B>
	47	163	3	<B>	w	</B>
	48	164	3	<B>	w	</B>
	49	165	3	<B>	w	</B>
	50	166	3	<B>	w	</B>

	51	167	3	<B>	i	</B>
	52	168	3	<B>	i	</B>
	53	169	3	<B>	i	</B>
	54	170	3	<B>	i	</B>

	55	171	3	<B>	w	</B>
	56	172	3	<B>	w	</B>
	57	173	3	<B>	w	</B>
	58	174	3	<B>	w	</B>

	59	175	3	<B>	o	</B>
	60	176	3	<B>	o	</B>
	61	177	3	<B>	o	</B>
	62	178	3	<B>	o	</B>

	63	179	3	<B>	w	</B>
	
	64	179	4	<B>	f	</B>
	65	180	4	<B>	f	</B>
	66	181	4	<B>	f	</B>
	67	182	4	<B>	f	</B>
	68	183	4	<B>	f	</B>
	69	184	4	<B>	f	</B>
	70	185	4	<B>	f	</B>
	71	186	4	<B>	f	</B>
	72	118	4	<B>	f	</B>
</SURFACES>
