# A rectangular periodic mesh on domain [0,1]x[0,1] for testing the
# "shear layer", as used by Brown & Minion, JCP 122, 165--183, 1995.

<USER>
	u = heav(0.5-y)*tanh(rho*(y-0.25))+heav(y-0.5000001)*tanh(rho*(0.75-y))
	v = eps*sin(TWOPI*x)
	p = 0
</USER>

<FIELDS>
	u	v	p
</FIELDS>

<TOKENS>
	T_FINAL   = 10.0
	D_T       = 0.0001
	N_STEP    = int(T_FINAL/D_T)
	N_TIME    = 2
	N_P       = 16
	N_Z       = 1
	CHKPOINT  = 1
	ITERATIVE = 1
	IO_CFL    = 10
	IO_FLD    = 50
	rho       = 30
	eps       = 0.05
	Re        = 1e5
	KINVIS    = 1/Re
</TOKENS>

<NODES NUMBER=289>
    1	              0              0              0
    2	         0.0625              0              0
    3	          0.125              0              0
    4	         0.1875              0              0
    5	           0.25              0              0
    6	         0.3125              0              0
    7	          0.375              0              0
    8	         0.4375              0              0
    9	            0.5              0              0
   10	         0.5625              0              0
   11	          0.625              0              0
   12	         0.6875              0              0
   13	           0.75              0              0
   14	         0.8125              0              0
   15	          0.875              0              0
   16	         0.9375              0              0
   17	              1              0              0
   18	              0         0.0625              0
   19	         0.0625         0.0625              0
   20	          0.125         0.0625              0
   21	         0.1875         0.0625              0
   22	           0.25         0.0625              0
   23	         0.3125         0.0625              0
   24	          0.375         0.0625              0
   25	         0.4375         0.0625              0
   26	            0.5         0.0625              0
   27	         0.5625         0.0625              0
   28	          0.625         0.0625              0
   29	         0.6875         0.0625              0
   30	           0.75         0.0625              0
   31	         0.8125         0.0625              0
   32	          0.875         0.0625              0
   33	         0.9375         0.0625              0
   34	              1         0.0625              0
   35	              0          0.125              0
   36	         0.0625          0.125              0
   37	          0.125          0.125              0
   38	         0.1875          0.125              0
   39	           0.25          0.125              0
   40	         0.3125          0.125              0
   41	          0.375          0.125              0
   42	         0.4375          0.125              0
   43	            0.5          0.125              0
   44	         0.5625          0.125              0
   45	          0.625          0.125              0
   46	         0.6875          0.125              0
   47	           0.75          0.125              0
   48	         0.8125          0.125              0
   49	          0.875          0.125              0
   50	         0.9375          0.125              0
   51	              1          0.125              0
   52	              0         0.1875              0
   53	         0.0625         0.1875              0
   54	          0.125         0.1875              0
   55	         0.1875         0.1875              0
   56	           0.25         0.1875              0
   57	         0.3125         0.1875              0
   58	          0.375         0.1875              0
   59	         0.4375         0.1875              0
   60	            0.5         0.1875              0
   61	         0.5625         0.1875              0
   62	          0.625         0.1875              0
   63	         0.6875         0.1875              0
   64	           0.75         0.1875              0
   65	         0.8125         0.1875              0
   66	          0.875         0.1875              0
   67	         0.9375         0.1875              0
   68	              1         0.1875              0
   69	              0           0.25              0
   70	         0.0625           0.25              0
   71	          0.125           0.25              0
   72	         0.1875           0.25              0
   73	           0.25           0.25              0
   74	         0.3125           0.25              0
   75	          0.375           0.25              0
   76	         0.4375           0.25              0
   77	            0.5           0.25              0
   78	         0.5625           0.25              0
   79	          0.625           0.25              0
   80	         0.6875           0.25              0
   81	           0.75           0.25              0
   82	         0.8125           0.25              0
   83	          0.875           0.25              0
   84	         0.9375           0.25              0
   85	              1           0.25              0
   86	              0         0.3125              0
   87	         0.0625         0.3125              0
   88	          0.125         0.3125              0
   89	         0.1875         0.3125              0
   90	           0.25         0.3125              0
   91	         0.3125         0.3125              0
   92	          0.375         0.3125              0
   93	         0.4375         0.3125              0
   94	            0.5         0.3125              0
   95	         0.5625         0.3125              0
   96	          0.625         0.3125              0
   97	         0.6875         0.3125              0
   98	           0.75         0.3125              0
   99	         0.8125         0.3125              0
  100	          0.875         0.3125              0
  101	         0.9375         0.3125              0
  102	              1         0.3125              0
  103	              0          0.375              0
  104	         0.0625          0.375              0
  105	          0.125          0.375              0
  106	         0.1875          0.375              0
  107	           0.25          0.375              0
  108	         0.3125          0.375              0
  109	          0.375          0.375              0
  110	         0.4375          0.375              0
  111	            0.5          0.375              0
  112	         0.5625          0.375              0
  113	          0.625          0.375              0
  114	         0.6875          0.375              0
  115	           0.75          0.375              0
  116	         0.8125          0.375              0
  117	          0.875          0.375              0
  118	         0.9375          0.375              0
  119	              1          0.375              0
  120	              0         0.4375              0
  121	         0.0625         0.4375              0
  122	          0.125         0.4375              0
  123	         0.1875         0.4375              0
  124	           0.25         0.4375              0
  125	         0.3125         0.4375              0
  126	          0.375         0.4375              0
  127	         0.4375         0.4375              0
  128	            0.5         0.4375              0
  129	         0.5625         0.4375              0
  130	          0.625         0.4375              0
  131	         0.6875         0.4375              0
  132	           0.75         0.4375              0
  133	         0.8125         0.4375              0
  134	          0.875         0.4375              0
  135	         0.9375         0.4375              0
  136	              1         0.4375              0
  137	              0            0.5              0
  138	         0.0625            0.5              0
  139	          0.125            0.5              0
  140	         0.1875            0.5              0
  141	           0.25            0.5              0
  142	         0.3125            0.5              0
  143	          0.375            0.5              0
  144	         0.4375            0.5              0
  145	            0.5            0.5              0
  146	         0.5625            0.5              0
  147	          0.625            0.5              0
  148	         0.6875            0.5              0
  149	           0.75            0.5              0
  150	         0.8125            0.5              0
  151	          0.875            0.5              0
  152	         0.9375            0.5              0
  153	              1            0.5              0
  154	              0         0.5625              0
  155	         0.0625         0.5625              0
  156	          0.125         0.5625              0
  157	         0.1875         0.5625              0
  158	           0.25         0.5625              0
  159	         0.3125         0.5625              0
  160	          0.375         0.5625              0
  161	         0.4375         0.5625              0
  162	            0.5         0.5625              0
  163	         0.5625         0.5625              0
  164	          0.625         0.5625              0
  165	         0.6875         0.5625              0
  166	           0.75         0.5625              0
  167	         0.8125         0.5625              0
  168	          0.875         0.5625              0
  169	         0.9375         0.5625              0
  170	              1         0.5625              0
  171	              0          0.625              0
  172	         0.0625          0.625              0
  173	          0.125          0.625              0
  174	         0.1875          0.625              0
  175	           0.25          0.625              0
  176	         0.3125          0.625              0
  177	          0.375          0.625              0
  178	         0.4375          0.625              0
  179	            0.5          0.625              0
  180	         0.5625          0.625              0
  181	          0.625          0.625              0
  182	         0.6875          0.625              0
  183	           0.75          0.625              0
  184	         0.8125          0.625              0
  185	          0.875          0.625              0
  186	         0.9375          0.625              0
  187	              1          0.625              0
  188	              0         0.6875              0
  189	         0.0625         0.6875              0
  190	          0.125         0.6875              0
  191	         0.1875         0.6875              0
  192	           0.25         0.6875              0
  193	         0.3125         0.6875              0
  194	          0.375         0.6875              0
  195	         0.4375         0.6875              0
  196	            0.5         0.6875              0
  197	         0.5625         0.6875              0
  198	          0.625         0.6875              0
  199	         0.6875         0.6875              0
  200	           0.75         0.6875              0
  201	         0.8125         0.6875              0
  202	          0.875         0.6875              0
  203	         0.9375         0.6875              0
  204	              1         0.6875              0
  205	              0           0.75              0
  206	         0.0625           0.75              0
  207	          0.125           0.75              0
  208	         0.1875           0.75              0
  209	           0.25           0.75              0
  210	         0.3125           0.75              0
  211	          0.375           0.75              0
  212	         0.4375           0.75              0
  213	            0.5           0.75              0
  214	         0.5625           0.75              0
  215	          0.625           0.75              0
  216	         0.6875           0.75              0
  217	           0.75           0.75              0
  218	         0.8125           0.75              0
  219	          0.875           0.75              0
  220	         0.9375           0.75              0
  221	              1           0.75              0
  222	              0         0.8125              0
  223	         0.0625         0.8125              0
  224	          0.125         0.8125              0
  225	         0.1875         0.8125              0
  226	           0.25         0.8125              0
  227	         0.3125         0.8125              0
  228	          0.375         0.8125              0
  229	         0.4375         0.8125              0
  230	            0.5         0.8125              0
  231	         0.5625         0.8125              0
  232	          0.625         0.8125              0
  233	         0.6875         0.8125              0
  234	           0.75         0.8125              0
  235	         0.8125         0.8125              0
  236	          0.875         0.8125              0
  237	         0.9375         0.8125              0
  238	              1         0.8125              0
  239	              0          0.875              0
  240	         0.0625          0.875              0
  241	          0.125          0.875              0
  242	         0.1875          0.875              0
  243	           0.25          0.875              0
  244	         0.3125          0.875              0
  245	          0.375          0.875              0
  246	         0.4375          0.875              0
  247	            0.5          0.875              0
  248	         0.5625          0.875              0
  249	          0.625          0.875              0
  250	         0.6875          0.875              0
  251	           0.75          0.875              0
  252	         0.8125          0.875              0
  253	          0.875          0.875              0
  254	         0.9375          0.875              0
  255	              1          0.875              0
  256	              0         0.9375              0
  257	         0.0625         0.9375              0
  258	          0.125         0.9375              0
  259	         0.1875         0.9375              0
  260	           0.25         0.9375              0
  261	         0.3125         0.9375              0
  262	          0.375         0.9375              0
  263	         0.4375         0.9375              0
  264	            0.5         0.9375              0
  265	         0.5625         0.9375              0
  266	          0.625         0.9375              0
  267	         0.6875         0.9375              0
  268	           0.75         0.9375              0
  269	         0.8125         0.9375              0
  270	          0.875         0.9375              0
  271	         0.9375         0.9375              0
  272	              1         0.9375              0
  273	              0              1              0
  274	         0.0625              1              0
  275	          0.125              1              0
  276	         0.1875              1              0
  277	           0.25              1              0
  278	         0.3125              1              0
  279	          0.375              1              0
  280	         0.4375              1              0
  281	            0.5              1              0
  282	         0.5625              1              0
  283	          0.625              1              0
  284	         0.6875              1              0
  285	           0.75              1              0
  286	         0.8125              1              0
  287	          0.875              1              0
  288	         0.9375              1              0
  289	              1              1              0
</NODES>

<ELEMENTS NUMBER=256>
    1	<Q>    1    2   19   18    </Q>
    2	<Q>    2    3   20   19    </Q>
    3	<Q>    3    4   21   20    </Q>
    4	<Q>    4    5   22   21    </Q>
    5	<Q>    5    6   23   22    </Q>
    6	<Q>    6    7   24   23    </Q>
    7	<Q>    7    8   25   24    </Q>
    8	<Q>    8    9   26   25    </Q>
    9	<Q>    9   10   27   26    </Q>
   10	<Q>   10   11   28   27    </Q>
   11	<Q>   11   12   29   28    </Q>
   12	<Q>   12   13   30   29    </Q>
   13	<Q>   13   14   31   30    </Q>
   14	<Q>   14   15   32   31    </Q>
   15	<Q>   15   16   33   32    </Q>
   16	<Q>   16   17   34   33    </Q>
   17	<Q>   18   19   36   35    </Q>
   18	<Q>   19   20   37   36    </Q>
   19	<Q>   20   21   38   37    </Q>
   20	<Q>   21   22   39   38    </Q>
   21	<Q>   22   23   40   39    </Q>
   22	<Q>   23   24   41   40    </Q>
   23	<Q>   24   25   42   41    </Q>
   24	<Q>   25   26   43   42    </Q>
   25	<Q>   26   27   44   43    </Q>
   26	<Q>   27   28   45   44    </Q>
   27	<Q>   28   29   46   45    </Q>
   28	<Q>   29   30   47   46    </Q>
   29	<Q>   30   31   48   47    </Q>
   30	<Q>   31   32   49   48    </Q>
   31	<Q>   32   33   50   49    </Q>
   32	<Q>   33   34   51   50    </Q>
   33	<Q>   35   36   53   52    </Q>
   34	<Q>   36   37   54   53    </Q>
   35	<Q>   37   38   55   54    </Q>
   36	<Q>   38   39   56   55    </Q>
   37	<Q>   39   40   57   56    </Q>
   38	<Q>   40   41   58   57    </Q>
   39	<Q>   41   42   59   58    </Q>
   40	<Q>   42   43   60   59    </Q>
   41	<Q>   43   44   61   60    </Q>
   42	<Q>   44   45   62   61    </Q>
   43	<Q>   45   46   63   62    </Q>
   44	<Q>   46   47   64   63    </Q>
   45	<Q>   47   48   65   64    </Q>
   46	<Q>   48   49   66   65    </Q>
   47	<Q>   49   50   67   66    </Q>
   48	<Q>   50   51   68   67    </Q>
   49	<Q>   52   53   70   69    </Q>
   50	<Q>   53   54   71   70    </Q>
   51	<Q>   54   55   72   71    </Q>
   52	<Q>   55   56   73   72    </Q>
   53	<Q>   56   57   74   73    </Q>
   54	<Q>   57   58   75   74    </Q>
   55	<Q>   58   59   76   75    </Q>
   56	<Q>   59   60   77   76    </Q>
   57	<Q>   60   61   78   77    </Q>
   58	<Q>   61   62   79   78    </Q>
   59	<Q>   62   63   80   79    </Q>
   60	<Q>   63   64   81   80    </Q>
   61	<Q>   64   65   82   81    </Q>
   62	<Q>   65   66   83   82    </Q>
   63	<Q>   66   67   84   83    </Q>
   64	<Q>   67   68   85   84    </Q>
   65	<Q>   69   70   87   86    </Q>
   66	<Q>   70   71   88   87    </Q>
   67	<Q>   71   72   89   88    </Q>
   68	<Q>   72   73   90   89    </Q>
   69	<Q>   73   74   91   90    </Q>
   70	<Q>   74   75   92   91    </Q>
   71	<Q>   75   76   93   92    </Q>
   72	<Q>   76   77   94   93    </Q>
   73	<Q>   77   78   95   94    </Q>
   74	<Q>   78   79   96   95    </Q>
   75	<Q>   79   80   97   96    </Q>
   76	<Q>   80   81   98   97    </Q>
   77	<Q>   81   82   99   98    </Q>
   78	<Q>   82   83  100   99    </Q>
   79	<Q>   83   84  101  100    </Q>
   80	<Q>   84   85  102  101    </Q>
   81	<Q>   86   87  104  103    </Q>
   82	<Q>   87   88  105  104    </Q>
   83	<Q>   88   89  106  105    </Q>
   84	<Q>   89   90  107  106    </Q>
   85	<Q>   90   91  108  107    </Q>
   86	<Q>   91   92  109  108    </Q>
   87	<Q>   92   93  110  109    </Q>
   88	<Q>   93   94  111  110    </Q>
   89	<Q>   94   95  112  111    </Q>
   90	<Q>   95   96  113  112    </Q>
   91	<Q>   96   97  114  113    </Q>
   92	<Q>   97   98  115  114    </Q>
   93	<Q>   98   99  116  115    </Q>
   94	<Q>   99  100  117  116    </Q>
   95	<Q>  100  101  118  117    </Q>
   96	<Q>  101  102  119  118    </Q>
   97	<Q>  103  104  121  120    </Q>
   98	<Q>  104  105  122  121    </Q>
   99	<Q>  105  106  123  122    </Q>
  100	<Q>  106  107  124  123    </Q>
  101	<Q>  107  108  125  124    </Q>
  102	<Q>  108  109  126  125    </Q>
  103	<Q>  109  110  127  126    </Q>
  104	<Q>  110  111  128  127    </Q>
  105	<Q>  111  112  129  128    </Q>
  106	<Q>  112  113  130  129    </Q>
  107	<Q>  113  114  131  130    </Q>
  108	<Q>  114  115  132  131    </Q>
  109	<Q>  115  116  133  132    </Q>
  110	<Q>  116  117  134  133    </Q>
  111	<Q>  117  118  135  134    </Q>
  112	<Q>  118  119  136  135    </Q>
  113	<Q>  120  121  138  137    </Q>
  114	<Q>  121  122  139  138    </Q>
  115	<Q>  122  123  140  139    </Q>
  116	<Q>  123  124  141  140    </Q>
  117	<Q>  124  125  142  141    </Q>
  118	<Q>  125  126  143  142    </Q>
  119	<Q>  126  127  144  143    </Q>
  120	<Q>  127  128  145  144    </Q>
  121	<Q>  128  129  146  145    </Q>
  122	<Q>  129  130  147  146    </Q>
  123	<Q>  130  131  148  147    </Q>
  124	<Q>  131  132  149  148    </Q>
  125	<Q>  132  133  150  149    </Q>
  126	<Q>  133  134  151  150    </Q>
  127	<Q>  134  135  152  151    </Q>
  128	<Q>  135  136  153  152    </Q>
  129	<Q>  137  138  155  154    </Q>
  130	<Q>  138  139  156  155    </Q>
  131	<Q>  139  140  157  156    </Q>
  132	<Q>  140  141  158  157    </Q>
  133	<Q>  141  142  159  158    </Q>
  134	<Q>  142  143  160  159    </Q>
  135	<Q>  143  144  161  160    </Q>
  136	<Q>  144  145  162  161    </Q>
  137	<Q>  145  146  163  162    </Q>
  138	<Q>  146  147  164  163    </Q>
  139	<Q>  147  148  165  164    </Q>
  140	<Q>  148  149  166  165    </Q>
  141	<Q>  149  150  167  166    </Q>
  142	<Q>  150  151  168  167    </Q>
  143	<Q>  151  152  169  168    </Q>
  144	<Q>  152  153  170  169    </Q>
  145	<Q>  154  155  172  171    </Q>
  146	<Q>  155  156  173  172    </Q>
  147	<Q>  156  157  174  173    </Q>
  148	<Q>  157  158  175  174    </Q>
  149	<Q>  158  159  176  175    </Q>
  150	<Q>  159  160  177  176    </Q>
  151	<Q>  160  161  178  177    </Q>
  152	<Q>  161  162  179  178    </Q>
  153	<Q>  162  163  180  179    </Q>
  154	<Q>  163  164  181  180    </Q>
  155	<Q>  164  165  182  181    </Q>
  156	<Q>  165  166  183  182    </Q>
  157	<Q>  166  167  184  183    </Q>
  158	<Q>  167  168  185  184    </Q>
  159	<Q>  168  169  186  185    </Q>
  160	<Q>  169  170  187  186    </Q>
  161	<Q>  171  172  189  188    </Q>
  162	<Q>  172  173  190  189    </Q>
  163	<Q>  173  174  191  190    </Q>
  164	<Q>  174  175  192  191    </Q>
  165	<Q>  175  176  193  192    </Q>
  166	<Q>  176  177  194  193    </Q>
  167	<Q>  177  178  195  194    </Q>
  168	<Q>  178  179  196  195    </Q>
  169	<Q>  179  180  197  196    </Q>
  170	<Q>  180  181  198  197    </Q>
  171	<Q>  181  182  199  198    </Q>
  172	<Q>  182  183  200  199    </Q>
  173	<Q>  183  184  201  200    </Q>
  174	<Q>  184  185  202  201    </Q>
  175	<Q>  185  186  203  202    </Q>
  176	<Q>  186  187  204  203    </Q>
  177	<Q>  188  189  206  205    </Q>
  178	<Q>  189  190  207  206    </Q>
  179	<Q>  190  191  208  207    </Q>
  180	<Q>  191  192  209  208    </Q>
  181	<Q>  192  193  210  209    </Q>
  182	<Q>  193  194  211  210    </Q>
  183	<Q>  194  195  212  211    </Q>
  184	<Q>  195  196  213  212    </Q>
  185	<Q>  196  197  214  213    </Q>
  186	<Q>  197  198  215  214    </Q>
  187	<Q>  198  199  216  215    </Q>
  188	<Q>  199  200  217  216    </Q>
  189	<Q>  200  201  218  217    </Q>
  190	<Q>  201  202  219  218    </Q>
  191	<Q>  202  203  220  219    </Q>
  192	<Q>  203  204  221  220    </Q>
  193	<Q>  205  206  223  222    </Q>
  194	<Q>  206  207  224  223    </Q>
  195	<Q>  207  208  225  224    </Q>
  196	<Q>  208  209  226  225    </Q>
  197	<Q>  209  210  227  226    </Q>
  198	<Q>  210  211  228  227    </Q>
  199	<Q>  211  212  229  228    </Q>
  200	<Q>  212  213  230  229    </Q>
  201	<Q>  213  214  231  230    </Q>
  202	<Q>  214  215  232  231    </Q>
  203	<Q>  215  216  233  232    </Q>
  204	<Q>  216  217  234  233    </Q>
  205	<Q>  217  218  235  234    </Q>
  206	<Q>  218  219  236  235    </Q>
  207	<Q>  219  220  237  236    </Q>
  208	<Q>  220  221  238  237    </Q>
  209	<Q>  222  223  240  239    </Q>
  210	<Q>  223  224  241  240    </Q>
  211	<Q>  224  225  242  241    </Q>
  212	<Q>  225  226  243  242    </Q>
  213	<Q>  226  227  244  243    </Q>
  214	<Q>  227  228  245  244    </Q>
  215	<Q>  228  229  246  245    </Q>
  216	<Q>  229  230  247  246    </Q>
  217	<Q>  230  231  248  247    </Q>
  218	<Q>  231  232  249  248    </Q>
  219	<Q>  232  233  250  249    </Q>
  220	<Q>  233  234  251  250    </Q>
  221	<Q>  234  235  252  251    </Q>
  222	<Q>  235  236  253  252    </Q>
  223	<Q>  236  237  254  253    </Q>
  224	<Q>  237  238  255  254    </Q>
  225	<Q>  239  240  257  256    </Q>
  226	<Q>  240  241  258  257    </Q>
  227	<Q>  241  242  259  258    </Q>
  228	<Q>  242  243  260  259    </Q>
  229	<Q>  243  244  261  260    </Q>
  230	<Q>  244  245  262  261    </Q>
  231	<Q>  245  246  263  262    </Q>
  232	<Q>  246  247  264  263    </Q>
  233	<Q>  247  248  265  264    </Q>
  234	<Q>  248  249  266  265    </Q>
  235	<Q>  249  250  267  266    </Q>
  236	<Q>  250  251  268  267    </Q>
  237	<Q>  251  252  269  268    </Q>
  238	<Q>  252  253  270  269    </Q>
  239	<Q>  253  254  271  270    </Q>
  240	<Q>  254  255  272  271    </Q>
  241	<Q>  256  257  274  273    </Q>
  242	<Q>  257  258  275  274    </Q>
  243	<Q>  258  259  276  275    </Q>
  244	<Q>  259  260  277  276    </Q>
  245	<Q>  260  261  278  277    </Q>
  246	<Q>  261  262  279  278    </Q>
  247	<Q>  262  263  280  279    </Q>
  248	<Q>  263  264  281  280    </Q>
  249	<Q>  264  265  282  281    </Q>
  250	<Q>  265  266  283  282    </Q>
  251	<Q>  266  267  284  283    </Q>
  252	<Q>  267  268  285  284    </Q>
  253	<Q>  268  269  286  285    </Q>
  254	<Q>  269  270  287  286    </Q>
  255	<Q>  270  271  288  287    </Q>
  256	<Q>  271  272  289  288    </Q>
</ELEMENTS>

<SURFACES NUMBER=32>
    1    1    1    <P>	241 3	</P>
    2    2    1    <P>	242 3	</P>
    3    3    1    <P>	243 3	</P>
    4    4    1    <P>	244 3	</P>
    5    5    1    <P>	245 3	</P>
    6    6    1    <P>	246 3	</P>
    7    7    1    <P>	247 3	</P>
    8    8    1    <P>	248 3	</P>
    9    9    1    <P>	249 3	</P>
   10   10    1    <P>	250 3	</P>
   11   11    1    <P>	251 3	</P>
   12   12    1    <P>	252 3	</P>
   13   13    1    <P>	253 3	</P>
   14   14    1    <P>	254 3	</P>
   15   15    1    <P>	255 3	</P>
   16   16    1    <P>	256 3	</P>
   17   16    2    <P>    1 4	</P>
   18   32    2    <P>   17 4	</P>
   19   48    2    <P>   33 4	</P>
   20   64    2    <P>   49 4	</P>
   21   80    2    <P>   65 4	</P>
   22   96    2    <P>   81 4	</P>
   23  112    2    <P>   97 4	</P>
   24  128    2    <P>  113 4	</P>
   25  144    2    <P>  129 4	</P>
   26  160    2    <P>  145 4	</P>
   27  176    2    <P>  161 4	</P>
   28  192    2    <P>  177 4	</P>
   29  208    2    <P>  193 4	</P>
   30  224    2    <P>  209 4	</P>
   31  240    2    <P>  225 4	</P>
   32  256    2    <P>	241 4	</P>
</SURFACES>
