<TOKENS>
	CYLINDRICAL = 1
	OMEGA       = 1.0
	BETA        = 1.0
	KINVIS      = 4.0e-5

	N_P      = 10
	N_Z         = 128

	D_T         = 0.004
	N_STEP      = 6500
	N_TIME      = 2

	IO_CFL      = 50
	IO_FLD      = 500

	ITERATIVE   = 0
	TOL_REL     = 1e-8

	CHKPOINT    = 1
	AVERAGE     = 2
</TOKENS>

<FIELDS>
	u	v	w	p
</FIELDS>

<GROUPS NUMBER=3>
	1	w	wall
	2	e	end
	3	a	axis
</GROUPS>

<BCS NUMBER=3>
	1	w	4
			<D>	u = 0.0		</D>
			<D>	v = 0.0		</D>
			<D>	w = 0.0 	</D>
			<H>	p		</H>
	1	e	4
			<D>	u = 0.0		</D>
			<D>	v = 0.0		</D>
			<D>	w = OMEGA*y 	</D>
			<H>	p		</H>
	1	a	4
			<A>	u		</A>
			<A>	v		</A>
			<A>	w 		</A>
			<A>	p		</A>
</BCS>

<NODES NUMBER=121>
    1	              0              0               0
    2	           0.06              0               0
    3	           0.185             0               0
    4	           0.35              0               0
    5	           0.525             0               0 
    6	           0.7               0               0
    7	           0.845             0               0
    8	           0.935             0               0
    9	           0.975             0               0
   10	           0.99              0               0
   11	              1              0               0
   12	              0            0.10              0
   13	           0.06            0.10              0
   14	           0.185           0.10              0
   15	           0.35            0.10              0
   16	           0.525           0.10              0
   17	           0.7             0.10              0
   18	           0.845           0.10              0
   19	           0.935           0.10              0
   20	           0.975           0.10              0
   21	           0.99            0.10              0
   22	              1            0.10              0
   23	              0            0.23              0
   24	           0.06            0.23              0
   25	           0.185           0.23              0
   26	           0.35            0.23              0
   27	           0.525           0.23              0
   28	           0.7             0.23              0
   29	           0.845           0.23              0
   30	           0.935           0.23              0
   31	           0.975           0.23              0
   32	           0.99            0.23              0
   33	              1            0.23              0
   34	              0            0.35              0
   35	           0.06            0.35              0
   36	           0.185           0.35              0
   37	           0.35            0.35              0
   38	           0.525           0.35              0
   39	           0.7             0.35              0
   40	           0.845           0.35              0
   41	           0.935           0.35              0
   42	           0.975           0.35              0
   43	           0.99            0.35              0
   44	              1            0.35              0
   45	              0            0.50              0
   46	           0.05            0.50              0
   47	           0.18            0.50              0
   48	           0.34            0.50              0
   49	           0.52            0.50              0
   50	           0.7             0.50              0
   51	           0.845           0.50              0
   52	           0.935           0.50              0
   53	           0.975           0.50              0
   54	           0.99            0.50              0
   55	              1            0.50              0
   56	              0            0.65              0
   57	           0.04            0.65              0
   58	           0.165           0.65              0
   59	           0.325           0.65              0
   60	           0.515           0.65              0
   61	           0.70            0.65              0
   62	           0.845           0.65              0
   63	           0.935           0.65              0
   64	           0.975           0.65              0
   65	           0.99            0.65              0
   66	              1            0.65              0
   67	              0            0.80              0
   68	           0.03            0.80              0
   69	           0.155           0.80              0
   70	           0.31            0.80              0
   71	           0.5075          0.80              0
   72	           0.70            0.80              0
   73	           0.845           0.80              0
   74	           0.935           0.80              0
   75	           0.975           0.80              0
   76	           0.99            0.80              0
   77	              1            0.80              0
   78	              0            0.89              0
   79	           0.03            0.89              0
   80	           0.15            0.895             0
   81	           0.30            0.900             0
   82	           0.50            0.905             0
   83	           0.70            0.910             0
   84	           0.845           0.915             0
   85	           0.935           0.915             0
   86	           0.975           0.915             0
   87	           0.99            0.915             0
   88	              1            0.915             0
   89	              0            0.95              0
   90	           0.03            0.95              0
   91	           0.15            0.955             0
   92	           0.30            0.96              0
   93	           0.50            0.965             0
   94	           0.70            0.97              0
   95	           0.845           0.97              0
   96	           0.935           0.97              0
   97	           0.975           0.97              0
   98	           0.99            0.97              0
   99	              1            0.97              0
  100	              0            0.98              0
  101	           0.03            0.98              0
  102	           0.15            0.982             0
  103	           0.30            0.984             0
  104	           0.50            0.986             0
  105	           0.70            0.988             0
  106	           0.845           0.99              0
  107	           0.935           0.99              0
  108	           0.975           0.99              0
  109	           0.99            0.99              0
  110	              1            0.99              0
  111	              0              1               0
  112	           0.03              1               0
  113	           0.15              1               0
  114	           0.30              1               0
  115	           0.50              1               0 
  116	           0.70              1               0
  117	           0.845             1               0
  118	           0.935             1               0
  119	           0.975             1               0
  120	           0.99              1               0
  121	              1              1               0
</NODES>

<ELEMENTS NUMBER=100>
    1	<Q>    1    2   13   12    </Q>
    2	<Q>    2    3   14   13    </Q>
    3	<Q>    3    4   15   14    </Q>
    4	<Q>    4    5   16   15    </Q>
    5	<Q>    5    6   17   16    </Q>
    6	<Q>    6    7   18   17    </Q>
    7	<Q>    7    8   19   18    </Q>
    8	<Q>    8    9   20   19    </Q>
    9	<Q>    9   10   21   20    </Q>
   10	<Q>   10   11   22   21    </Q>
   11	<Q>   12   13   24   23    </Q>
   12	<Q>   13   14   25   24    </Q>
   13	<Q>   14   15   26   25    </Q>
   14	<Q>   15   16   27   26    </Q>
   15	<Q>   16   17   28   27    </Q>
   16	<Q>   17   18   29   28    </Q>
   17	<Q>   18   19   30   29    </Q>
   18	<Q>   19   20   31   30    </Q>
   19	<Q>   20   21   32   31    </Q>
   20	<Q>   21   22   33   32    </Q>
   21	<Q>   23   24   35   34    </Q>
   22	<Q>   24   25   36   35    </Q>
   23	<Q>   25   26   37   36    </Q>
   24	<Q>   26   27   38   37    </Q>
   25	<Q>   27   28   39   38    </Q>
   26	<Q>   28   29   40   39    </Q>
   27	<Q>   29   30   41   40    </Q>
   28	<Q>   30   31   42   41    </Q>
   29	<Q>   31   32   43   42    </Q>
   30	<Q>   32   33   44   43    </Q>
   31	<Q>   34   35   46   45    </Q>
   32	<Q>   35   36   47   46    </Q>
   33	<Q>   36   37   48   47    </Q>
   34	<Q>   37   38   49   48    </Q>
   35	<Q>   38   39   50   49    </Q>
   36	<Q>   39   40   51   50    </Q>
   37	<Q>   40   41   52   51    </Q>
   38	<Q>   41   42   53   52    </Q>
   39	<Q>   42   43   54   53    </Q>
   40	<Q>   43   44   55   54    </Q>
   41	<Q>   45   46   57   56    </Q>
   42	<Q>   46   47   58   57    </Q>
   43	<Q>   47   48   59   58    </Q>
   44	<Q>   48   49   60   59    </Q>
   45	<Q>   49   50   61   60    </Q>
   46	<Q>   50   51   62   61    </Q>
   47	<Q>   51   52   63   62    </Q>
   48	<Q>   52   53   64   63    </Q>
   49	<Q>   53   54   65   64    </Q>
   50	<Q>   54   55   66   65    </Q>
   51	<Q>   56   57   68   67    </Q>
   52	<Q>   57   58   69   68    </Q>
   53	<Q>   58   59   70   69    </Q>
   54	<Q>   59   60   71   70    </Q>
   55	<Q>   60   61   72   71    </Q>
   56	<Q>   61   62   73   72    </Q>
   57	<Q>   62   63   74   73    </Q>
   58	<Q>   63   64   75   74    </Q>
   59	<Q>   64   65   76   75    </Q>
   60	<Q>   65   66   77   76    </Q>
   61	<Q>   67   68   79   78    </Q>
   62	<Q>   68   69   80   79    </Q>
   63	<Q>   69   70   81   80    </Q>
   64	<Q>   70   71   82   81    </Q>
   65	<Q>   71   72   83   82    </Q>
   66	<Q>   72   73   84   83    </Q>
   67	<Q>   73   74   85   84    </Q>
   68	<Q>   74   75   86   85    </Q>
   69	<Q>   75   76   87   86    </Q>
   70	<Q>   76   77   88   87    </Q>
   71	<Q>   78   79   90   89    </Q>
   72	<Q>   79   80   91   90    </Q>
   73	<Q>   80   81   92   91    </Q>
   74	<Q>   81   82   93   92    </Q>
   75	<Q>   82   83   94   93    </Q>
   76	<Q>   83   84   95   94    </Q>
   77	<Q>   84   85   96   95    </Q>
   78	<Q>   85   86   97   96    </Q>
   79	<Q>   86   87   98   97    </Q>
   80	<Q>   87   88   99   98    </Q>
   81	<Q>   89   90  101  100    </Q>
   82	<Q>   90   91  102  101    </Q>
   83	<Q>   91   92  103  102    </Q>
   84	<Q>   92   93  104  103    </Q>
   85	<Q>   93   94  105  104    </Q>
   86	<Q>   94   95  106  105    </Q>
   87	<Q>   95   96  107  106    </Q>
   88	<Q>   96   97  108  107    </Q>
   89	<Q>   97   98  109  108    </Q>
   90	<Q>   98   99  110  109    </Q>
   91	<Q>  100  101  112  111    </Q>
   92	<Q>  101  102  113  112    </Q>
   93	<Q>  102  103  114  113    </Q>
   94	<Q>  103  104  115  114    </Q>
   95	<Q>  104  105  116  115    </Q>
   96	<Q>  105  106  117  116    </Q>
   97	<Q>  106  107  118  117    </Q>
   98	<Q>  107  108  119  118    </Q>
   99	<Q>  108  109  120  119    </Q>
  100	<Q>  109  110  121  120    </Q>
</ELEMENTS>

<SURFACES NUMBER=40>
    1    1    1    <B> a </B>
    2    2    1    <B> a </B>
    3    3    1    <B> a </B>
    4    4    1    <B> a </B>
    5    5    1    <B> a </B>
    6    6    1    <B> a </B>
    7    7    1    <B> a </B>
    8    8    1    <B> a </B>
    9    9    1    <B> a </B>
   10   10    1    <B> a </B>
   11   10    2    <B> e </B>
   12   20    2    <B> e </B>
   13   30    2    <B> e </B>
   14   40    2    <B> e </B>
   15   50    2    <B> e </B>
   16   60    2    <B> e </B>
   17   70    2    <B> e </B>
   18   80    2    <B> e </B>
   19   90    2    <B> e </B>
   20  100    2    <B> e </B>
   21  100    3    <B> w </B>
   22   99    3    <B> w </B>
   23   98    3    <B> w </B>
   24   97    3    <B> w </B>
   25   96    3    <B> w </B>
   26   95    3    <B> w </B>
   27   94    3    <B> w </B>
   28   93    3    <B> w </B>
   29   92    3    <B> w </B>
   30   91    3    <B> w </B>
   31   91    4    <B> w </B>
   32   81    4    <B> w </B>
   33   71    4    <B> w </B>
   34   61    4    <B> w </B>
   35   51    4    <B> w </B>
   36   41    4    <B> w </B>
   37   31    4    <B> w </B>
   38   21    4    <B> w </B>
   39   11    4    <B> w </B>
   40    1    4    <B> w </B>
</SURFACES>
