# Flow (+ scalar convection) past a sphere: mesh is symmetrical about y axis.

<USER>
u = 0.0
v = 0.0
c = 0.5/sqrt(x*x+y*y)
p = 0.0
</USER>

<FIELDS>
u v c p
</FIELDS>

<TOKENS>
	CYLINDRICAL = 1

	N_P=9
	N_TIME      = 2

	PERIOD      = 1.0
	STEPS_P     = 2000
	D_T         = PERIOD/STEPS_P
	N_STEP      = 50*STEPS_P
	AMAX        = 0.1
	OMEGA       = TWOPI/PERIOD
	UMAX        = OMEGA*AMAX
	RHO_S       = 100.0

	Re          = 100.0
	KINVIS      = UMAX/Re
	PRANDTL     = 1.0

	CHKPOINT    = 1
	AVERAGE     = 0
	IO_CFL      = 20
</TOKENS>

<HISTORY NUMBER=3>
	1 0.65 0.1 0.0
	2 0.70 0.0 0.0
        3 2.00 0.0 0.0
</HISTORY>

<GROUPS NUMBER=4>
        1       v       velocity
        2       a       axis
        3       w       wall
	4	s	symmetry
</GROUPS>

<BCS NUMBER=3>
1       v       4
        <D>     u = UMAX*cos(OMEGA*t) </D>
        <D>     v = 0.0 </D>
        <D>     c = 0.0 </D>
        <H>     p       </H>
2       a       4
        <A>     u       </A>
        <A>     v       </A>
        <A>     c       </A>
        <A>     p       </A>
3       w       4
        <D>     u = 0.0 </D>
        <D>     v = 0.0 </D>
        <D>     c = 1.0 </D>
        <H>     p       </H>
</BCS>


<NODES NUMBER=310>
    1                 0.56           0         0
    2             0.507532    0.236666         0
    3             0.359961    0.428985         0
    4                    0        0.56         0
    5            -0.353553    0.353553         0
    6                 -0.5           0         0
    7            -0.353553   -0.353553         0
    8                    0        -0.5         0
    9             0.320092   -0.384111         0
   10             0.447214   -0.223607         0
   11                 0.68           0         0
   12             0.616289    0.287380         0
   13             0.437096    0.520910         0
   14                    0        0.68         0
   15            -0.424264    0.424264         0
   16                 -0.6           0         0
   17            -0.424264   -0.424264         0
   18                    0        -0.6         0
   19             0.384111   -0.460933         0
   20              0.54378    -0.25357         0
   21                    1           0         0
   22               0.9205     0.39073         0
   23             0.640184    0.768221         0
   24                    0           1         0
   25            -0.707107    0.707107         0
   26                   -1           0         0
   27            -0.707107   -0.707107         0
   28                    0          -1         0
   29             0.640184   -0.768221         0
   30               0.9205    -0.39073         0
   31                  1.7           0         0
   32              1.58709     0.60923         0
   33               1.1594      1.2433         0
   34                    0         1.7         0
   35             -1.20208     1.20208         0
   36                 -1.7           0         0
   37             -1.20208    -1.20208         0
   38                    0        -1.7         0
   39               1.1594     -1.2433         0
   40              1.58709    -0.60923         0
   41                 2.55           0         0
   42              2.41107      0.8302         0
   43              1.83432     1.77138         0
   44                    0        2.55         0
   45             -1.80312     1.80312         0
   46                -2.55           0         0
   47             -1.80312    -1.80312         0
   48                    0       -2.55         0
   49              1.83432    -1.77138         0
   50              2.41107     -0.8302         0
   51                  3.7           0         0
   52                  3.6         1.1         0
   53                  3.1         2.5         0
   54                    0           4         0
   55             -2.82843     2.82843         0
   56                   -4           0         0
   57             -2.82843    -2.82843         0
   58                    0          -4         0
   59                  3.1        -2.5         0
   60                  3.6        -1.1         0
   61                  3.1         7.0         0
   62                    0         7.0         0
   63                 -7.5         7.0         0
   64                 -7.5           0         0
   65                 -7.5        -7.0         0
   66                    0        -7.0         0
   67                  3.1        -7.0         0
   68                  5.2         7.0         0
   69                  5.2         2.9         0
   70                  5.2         1.4         0
   71                  5.2           0         0
   72                  5.2        -1.4         0
   73                  5.2        -2.9         0
   74                  5.2        -7.0         0
   75                  7.5         7.0         0
   76                  7.5           3         0
   77                  7.5         1.5         0
   78                  7.5           0         0
   79                  7.5        -1.5         0
   80                  7.5          -3         0
   81                  7.5        -7.0         0
   82                10.25         7.0         0
   83                10.25           3         0
   84                10.25         1.5         0
   85                10.25           0         0
   86                10.25        -1.5         0
   87                10.25          -3         0
   88                10.25        -7.0         0
   89                13.25         7.0         0
   90                13.25           3         0
   91                13.25         1.5         0
   92                13.25           0         0
   93                13.25        -1.5         0
   94                13.25          -3         0
   95                13.25        -7.0         0
   96                 16.5         7.0         0
   97                 16.5           3         0
   98                 16.5         1.5         0
   99                 16.5           0         0
  100                 16.5        -1.5         0
  101                 16.5          -3         0
  102                 16.5        -7.0         0
  103                   20         7.0         0
  104                   20           3         0
  105                   20         1.5         0
  106                   20           0         0
  107                   20        -1.5         0
  108                   20          -3         0
  109                   20        -7.0         0
  110                 -7.5          20         0
  111                    0          20         0
  112                  3.1          20         0
  113                  5.2          20         0
  114                  7.5          20         0
  115                10.25          20         0
  116                13.25          20         0
  117                 16.5          20         0
  118                   20          20         0
  119                 -7.5         -20         0
  120                    0         -20         0
  121                  3.1         -20         0
  122                  5.2         -20         0
  123                  7.5         -20         0
  124                10.25         -20         0
  125                13.25         -20         0
  126                 16.5         -20         0
  127                   20         -20         0
  128                -0.56           0         0
  129            -0.507532    0.236666         0
  130            -0.359961    0.428985         0
  131             0.353553    0.353553         0
  132                  0.5           0         0
  133             0.353553   -0.353553         0
  134            -0.320092   -0.384111         0
  135            -0.447214   -0.223607         0
  136                -0.68           0         0
  137            -0.616289    0.287380         0
  138            -0.437096    0.520910         0
  139             0.424264    0.424264         0
  140                  0.6           0         0
  141             0.424264   -0.424264         0
  142            -0.384111   -0.460933         0
  143             -0.54378    -0.25357         0
  144                   -1           0         0
  145              -0.9205     0.39073         0
  146            -0.640184    0.768221         0
  147             0.707107    0.707107         0
  148                    1           0         0
  149             0.707107   -0.707107         0
  150            -0.640184   -0.768221         0
  151              -0.9205    -0.39073         0
  152                 -1.7           0         0
  153             -1.58709     0.60923         0
  154              -1.1594      1.2433         0
  155              1.20208     1.20208         0
  156                  1.7           0         0
  157              1.20208    -1.20208         0
  158              -1.1594     -1.2433         0
  159             -1.58709    -0.60923         0
  160                -2.55           0         0
  161             -2.41107      0.8302         0
  162             -1.83432     1.77138         0
  163              1.80312     1.80312         0
  164                 2.55           0         0
  165              1.80312    -1.80312         0
  166             -1.83432    -1.77138         0
  167             -2.41107     -0.8302         0
  168                 -3.7           0         0
  169                 -3.6         1.1         0
  170                 -3.1         2.5         0
  171              2.82843     2.82843         0
  172                    4           0         0
  173              2.82843    -2.82843         0
  174                 -3.1        -2.5         0
  175                 -3.6        -1.1         0
  176                 -3.1         7.0         0
  177                  7.5         7.0         0
  178                  7.5           0         0
  179                  7.5        -7.0         0
  180                 -3.1        -7.0         0
  181                 -5.2         7.0         0
  182                 -5.2         2.9         0
  183                 -5.2         1.4         0
  184                 -5.2           0         0
  185                 -5.2        -1.4         0
  186                 -5.2        -2.9         0
  187                 -5.2        -7.0         0
  188                 -7.5         7.0         0
  189                 -7.5           3         0
  190                 -7.5         1.5         0
  191                 -7.5           0         0
  192                 -7.5        -1.5         0
  193                 -7.5          -3         0
  194                 -7.5        -7.0         0
  195               -10.25         7.0         0
  196               -10.25           3         0
  197               -10.25         1.5         0
  198               -10.25           0         0
  199               -10.25        -1.5         0
  200               -10.25          -3         0
  201               -10.25        -7.0         0
  202               -13.25         7.0         0
  203               -13.25           3         0
  204               -13.25         1.5         0
  205               -13.25           0         0
  206               -13.25        -1.5         0
  207               -13.25          -3         0
  208               -13.25        -7.0         0
  209                -16.5         7.0         0
  210                -16.5           3         0
  211                -16.5         1.5         0
  212                -16.5           0         0
  213                -16.5        -1.5         0
  214                -16.5          -3         0
  215                -16.5        -7.0         0
  216                  -20         7.0         0
  217                  -20           3         0
  218                  -20         1.5         0
  219                  -20           0         0
  220                  -20        -1.5         0
  221                  -20          -3         0
  222                  -20        -7.0         0
  223                  7.5          20         0
  224                 -3.1          20         0
  225                 -5.2          20         0
  226                 -7.5          20         0
  227               -10.25          20         0
  228               -13.25          20         0
  229                -16.5          20         0
  230                  -20          20         0
  231                  7.5         -20         0
  232                 -3.1         -20         0
  233                 -5.2         -20         0
  234                 -7.5         -20         0
  235               -10.25         -20         0
  236               -13.25         -20         0
  237                -16.5         -20         0
  238                  -20         -20         0
  239		       0.5           0         0
  240             0.453154    0.211309         0
  241             0.321394    0.383022         0
  242                    0         0.5         0
  243            -0.321394    0.383022         0
  244            -0.453154    0.211309         0
  245                 -0.5           0         0

  246                 0.52           0         0
  247             0.471280    0.219761         0
  248             0.334250    0.398343         0
  249                    0        0.52         0
  250            -0.334250    0.398343         0
  251            -0.471280    0.219761         0
  252                -0.52           0         0

  253 		       -50	     0	       0
  254		     -32.5           0         0
  255                 32.5           0         0
  256                   50           0         0

  257 		       -50	   1.5         0
  258		     -32.5         1.5         0
  259                 32.5         1.5         0
  260                   50         1.5         0

  261 		       -50	     3         0
  262		     -32.5           3         0
  263                 32.5           3         0
  264                   50           3         0

  265 		       -50	     7         0
  266		     -32.5           7         0
  267                 32.5           7         0
  268                   50           7         0

  269 		       -50	    20         0
  270		     -32.5          20         0
  271                 32.5          20         0
  272                   50          20         0

  273                  -50          35         0
  274                -32.5          35         0
  275                  -20          35         0
  276                -16.5          35         0
  277               -13.25          35         0
  278               -10.25          35         0
  279                 -7.5          35         0
  280                 -5.2          35         0
  281                 -3.1          35         0
  282                    0          35         0
  283                  3.1          35         0
  284                  5.2          35         0
  285                  7.5          35         0
  286                10.25          35         0
  287                13.25          35         0
  288                 16.5          35         0
  289                   20          35         0
  290                 32.5          35         0
  291                   50          35         0

  292                  -50          50         0
  293                -32.5          50         0
  294                  -20          50         0
  295                -16.5          50         0
  296               -13.25          50         0
  297               -10.25          50         0
  298                 -7.5          50         0
  299                 -5.2          50         0
  300                 -3.1          50         0
  301                    0          50         0
  302                  3.1          50         0
  303                  5.2          50         0
  304                  7.5          50         0
  305                10.25          50         0
  306                13.25          50         0
  307                 16.5          50         0
  308                   20          50         0
  309                 32.5          50         0
  310                   50          50         0

</NODES>

<ELEMENTS NUMBER=146>
1	<Q>    1   11   12    2	</Q>
2	<Q>    2   12   13    3	</Q>
3	<Q>    3   13   14    4	</Q>
4	<Q>   11   21   22   12	</Q>
5	<Q>   12   22   23   13	</Q>
6	<Q>   13   23   24   14	</Q>
7	<Q>   21   31   32   22	</Q>
8	<Q>   22   32   33   23	</Q>
9	<Q>   23   33   34   24	</Q>
10	<Q>   31   41   42   32	</Q>
11	<Q>   32   42   43   33	</Q>
12	<Q>   33   43   44   34	</Q>
13	<Q>   41   51   52   42	</Q>
14	<Q>   42   52   53   43	</Q>
15	<Q>   43   53   54   44	</Q>
16	<Q>   54   53   61   62	</Q>
17	<Q>   51   71   70   52	</Q>
18	<Q>   52   70   69   53	</Q>
19	<Q>   53   69   68   61	</Q>
20	<Q>   69   76   75   68	</Q>
21	<Q>   70   77   76   69	</Q>
22	<Q>   71   78   77   70	</Q>
23	<Q>   78   85   84   77	</Q>
24	<Q>   77   84   83   76	</Q>
25	<Q>   76   83   82   75	</Q>
26	<Q>   83   90   89   82	</Q>
27	<Q>   84   91   90   83	</Q>
28	<Q>   85   92   91   84	</Q>
29	<Q>   92   99   98   91	</Q>
30	<Q>   91   98   97   90	</Q>
31	<Q>   90   97   96   89	</Q>
32	<Q>   97  104  103   96	</Q>
33	<Q>   98  105  104   97	</Q>
34	<Q>   99  106  105   98	</Q>
35	<Q>   62   61  112  111	</Q>
36	<Q>   61   68  113  112	</Q>
37	<Q>   68   75  114  113	</Q>
38	<Q>   75   82  115  114	</Q>
39	<Q>   82   89  116  115	</Q>
40	<Q>   89   96  117  116	</Q>
41	<Q>   96  103  118  117	</Q>
42	<Q>  129  137  136  128	</Q>
43	<Q>  130  138  137  129	</Q>
44	<Q>    4   14  138  130	</Q>
45	<Q>  137  145  144  136	</Q>
46	<Q>  138  146  145  137	</Q>
47	<Q>   14   24  146  138	</Q>
48	<Q>  145  153  152  144	</Q>
49	<Q>  146  154  153  145	</Q>
50	<Q>   24   34  154  146	</Q>
51	<Q>  153  161  160  152	</Q>
52	<Q>  154  162  161  153	</Q>
53	<Q>   34   44  162  154	</Q>
54	<Q>  161  169  168  160	</Q>
55	<Q>  162  170  169  161	</Q>
56	<Q>   44   54  170  162	</Q>
57	<Q>   62  176  170   54	</Q>
58	<Q>  169  183  184  168	</Q>
59	<Q>  170  182  183  169	</Q>
60	<Q>  176  181  182  170	</Q>
61	<Q>  181  188  189  182	</Q>
62	<Q>  182  189  190  183	</Q>
63	<Q>  183  190  191  184	</Q>
64	<Q>  190  197  198  191	</Q>
65	<Q>  189  196  197  190	</Q>
66	<Q>  188  195  196  189	</Q>
67	<Q>  195  202  203  196	</Q>
68	<Q>  196  203  204  197	</Q>
69	<Q>  197  204  205  198	</Q>
70	<Q>  204  211  212  205	</Q>
71	<Q>  203  210  211  204	</Q>
72	<Q>  202  209  210  203	</Q>
73	<Q>  209  216  217  210	</Q>
74	<Q>  210  217  218  211	</Q>
75	<Q>  211  218  219  212	</Q>
76	<Q>  111  224  176   62	</Q>
77	<Q>  224  225  181  176	</Q>
78	<Q>  225  226  188  181	</Q>
79	<Q>  226  227  195  188	</Q>
80	<Q>  227  228  202  195	</Q>
81	<Q>  228  229  209  202	</Q>
82	<Q>  229  230  216  209	</Q>
83      <Q>  247  246    1    2 </Q>
84      <Q>  248  247    2    3 </Q>
85      <Q>  249  248    3    4 </Q>
86      <Q>  250  249    4  130 </Q>
87      <Q>  251  250  130  129 </Q>
88      <Q>  252  251  129  128 </Q>
89	<Q>  240  239  246  247 </Q>
90	<Q>  241  240  247  248 </Q>
91	<Q>  242  241  248  249 </Q>
92	<Q>  243  242  249  250 </Q>
93	<Q>  244  243  250  251 </Q>
94	<Q>  245  244  251  252 </Q>

95	<Q>  253  254  258  257 </Q>
96      <Q>  254  219  218  258 </Q>
97      <Q>  106  255  259  105 </Q>
98      <Q>  255  256  260  259 </Q>

99	<Q>  257  258  262  261 </Q>
100	<Q>  258  218  217  262 </Q>
101	<Q>  105  259  263  104 </Q>
102	<Q>  259  260  264  263	</Q>

103	<Q>  261  262  266  265	</Q>
104	<Q>  262  217  216  266	</Q>
105	<Q>  104  263  267  103	</Q>
106	<Q>  263  264  268  267	</Q>

107	<Q>  265  266  270  269	</Q>
108	<Q>  266  216  230  270	</Q>
109	<Q>  103  267  271  118	</Q>
110	<Q>  267  268  272  271	</Q>

111	<Q>  269  270  274  273	</Q>
112	<Q>  270  230  275  274 </Q>
113	<Q>  230  229  276  275 </Q>
114	<Q>  229  228  277  276 </Q>
115	<Q>  228  227  278  277	</Q>
116	<Q>  227  226  279  278	</Q>
117	<Q>  226  225  280  279	</Q>
118	<Q>  225  224  281  280	</Q>
119	<Q>  224  111  282  281	</Q>
120	<Q>  111  112  283  282	</Q>
121	<Q>  112  113  284  283	</Q>
122	<Q>  113  114  285  284	</Q>
123	<Q>  114  115  286  285	</Q>
124	<Q>  115  116  287  286	</Q>
125	<Q>  116  117  288  287	</Q>
126	<Q>  117  118  289  288	</Q>
127	<Q>  118  271  290  289	</Q>
128	<Q>  271  272  291  290	</Q>

129	<Q>  273  274  293  292	</Q>
130	<Q>  274  275  294  293	</Q>
131	<Q>  275  276  295  294	</Q>
132	<Q>  276  277  296  295	</Q>
133	<Q>  277  278  297  296	</Q>
134	<Q>  278  279  298  297	</Q>
135	<Q>  279  280  299  298 </Q>
136	<Q>  280  281  300  299	</Q>
137	<Q>  281  282  301  300	</Q>
138	<Q>  282  283  302  301	</Q>
139	<Q>  283  284  303  302	</Q>
140	<Q>  284  285  304  303	</Q>
141	<Q>  285  286  305  304	</Q>
142	<Q>  286  287  306  305	</Q>
143	<Q>  287  288  307  306	</Q>
144	<Q>  288  289  308  307	</Q>
145	<Q>  289  290  309  308	</Q>
146	<Q>  290  291  310  309	</Q>

</ELEMENTS>

<SURFACES NUMBER=66>
	1	89	1	<B>	w	</B>
	2	90	1	<B>	w	</B>
	3	91	1	<B>	w	</B>
	4	92	1	<B>	w	</B>
	5 	93	1	<B>	w	</B>
	6	94	1	<B>	w	</B>

	7	1	1	<B>	a	</B>
	8	4	1	<B>	a	</B>
	9	7	1	<B>	a	</B>
	10	10	1	<B>	a	</B>
	11	13	1	<B>	a	</B>
	12	17	1	<B>	a	</B>
	13	22	1	<B>	a	</B>
	14	23	1	<B>	a	</B>
	15	28	1	<B>	a	</B>
	16	29	1	<B>	a	</B>
	17	34	1	<B>	a	</B>

	18	42	3	<B>	a	</B>
	19	45	3	<B>	a	</B>
	20	48	3	<B>	a	</B>
	21	51	3	<B>	a	</B>
	22	54	3	<B>	a	</B>
	23	58	3	<B>	a	</B>
	24	63	3	<B>	a	</B>
	25	64	3	<B>	a	</B>
	26	69	3	<B>	a	</B>
	27	70	3	<B>	a	</B>
	28	75	3	<B>	a	</B>
	
	29      83      2       <B>     a       </B>
	30      89      2	<B>	a	</B>
	31	88	4	<B>	a	</B>
	32	94	4	<B>	a	</B>

	33	95	1	<B>	a	</B>
	34	96	1	<B>	a	</B>
	35	97	1	<B>	a	</B>
	36	98	1	<B>	a	</B>

	37	98	2	<B>	v	</B>
	38	102	2	<B>	v	</B>
	39	106	2	<B>	v	</B>
	40	110	2	<B>	v	</B>
	41	128	2	<B>	v	</B>
	42	146	2	<B>	v	</B>
	43	146	3	<B>	v	</B>
	44	145	3	<B>	v	</B>
	45	144	3	<B>	v	</B>
	46	143	3	<B>	v	</B>
	47	142	3	<B>	v	</B>
	48	141	3	<B>	v	</B>
	49	140	3	<B>	v	</B>
	50	139	3	<B>	v	</B>
	51	138	3	<B>	v	</B>
	52	137	3	<B>	v	</B>
	53	136	3	<B>	v	</B>
	54	135	3	<B>	v	</B>
	55	134	3	<B>	v	</B>
	56	133	3	<B>	v	</B>
	57	132	3	<B>	v	</B>
	58	131	3	<B>	v	</B>
	59	130	3	<B>	v	</B>
	60	129	3	<B>	v	</B>
	61	129	4	<B>	v	</B>
	62	111	4	<B>	v	</B>
	63	107	4	<B>	v	</B>
	64	103	4	<B>	v	</B>
	65	99	4	<B>	v	</B>
	66	95	4	<B>	v	</B>
</SURFACES>

<CURVES NUMBER=42>
	1	1	4	<ARC>	-0.56	</ARC>
	2	2	4	<ARC>	-0.56	</ARC>
	3	3	4	<ARC>	-0.56	</ARC>
	4	44	4	<ARC>	-0.56	</ARC>
	5	43	4	<ARC>	-0.56	</ARC>
	6	42	4	<ARC>	-0.56	</ARC>
	7	1	2	<ARC>	+0.68	</ARC>
	8	2	2	<ARC>	+0.68	</ARC>
	9	3	2	<ARC>	+0.68	</ARC>
	10	44	2	<ARC>	+0.68	</ARC>
	11	43	2	<ARC>	+0.68	</ARC>
	12	42	2	<ARC>	+0.68	</ARC>
	13	4	4	<ARC>	-0.68	</ARC>
	14	5	4	<ARC>	-0.68	</ARC>
	15	6	4	<ARC>	-0.68	</ARC>
	16	47	4	<ARC>	-0.68	</ARC>
	17	46	4	<ARC>	-0.68	</ARC>
	18	45	4	<ARC>	-0.68	</ARC>
	19      83      1       <ARC>   -0.52   </ARC>
	20	84	1       <ARC>   -0.52   </ARC>
	21	85	1       <ARC>   -0.52   </ARC>
	22	86	1       <ARC>   -0.52   </ARC>
	23	87	1       <ARC>   -0.52   </ARC>
	24	88	1       <ARC>   -0.52   </ARC>
	25	83	3	<ARC>	+0.56	</ARC>
	26	84	3	<ARC>	+0.56	</ARC>
	27	85	3	<ARC>	+0.56	</ARC>
	28	86	3	<ARC>	+0.56	</ARC>
	29	87	3	<ARC>	+0.56	</ARC>
	30	88	3	<ARC>	+0.56	</ARC>

	31      89      1       <ARC>   -0.50   </ARC>
	32	90	1       <ARC>   -0.50   </ARC>
	33	91	1       <ARC>   -0.50   </ARC>
	34	92	1       <ARC>   -0.50   </ARC>
	35	93	1       <ARC>   -0.50   </ARC>
	36	94	1       <ARC>   -0.50   </ARC>

	37	89	3	<ARC>	+0.52	</ARC>
	38	90	3	<ARC>	+0.52	</ARC>
	39	91	3	<ARC>	+0.52	</ARC>
	40	92	3	<ARC>	+0.52	</ARC>
	41	93	3	<ARC>	+0.52	</ARC>
	42	94	3	<ARC>	+0.52	</ARC>
</CURVES>
