<TOKENS>
	BETA      = 2.3
	Re	  = 210
	KINVIS    = 1.0/Re
	PERIOD    = 1/0.152705
	STEPS_P   = 1536
	D_T       = PERIOD/STEPS_P
	N_STEP    = 50*STEPS_P
	N_TIME    = 2
	N_P    = 9
	N_Z	  = 3
	IO_CFL    = STEPS_P/128
	IO_FLD    = STEPS_P
	IO_HIS    = STEPS_P/128
	AVERAGE   = 0
	CHKPOINT  = 1
	ITERATIVE = 0
</TOKENS>

<FIELDS>
	u	v	w	p
</FIELDS>

<USER>
	u = 0.0
	v = 0.0
	w = 0.0
	p = 0.0
</USER>

<HISTORY NUMBER=4>
        1       0.75    0.25    0.68295492469343333
        2       0.75    -0.25   0.68295492469343333
        3       3.0     0.5     0.68295492469343333
        4       3.0     -0.5    0.68295492469343333
</HISTORY>

<GROUPS NUMBER=3>
	1	w	wall
	2	v	velocity
	3	o	exit
</GROUPS>

<BCS NUMBER=3>
	1	w	4
		<D>	u = 0.0	</D>
		<D>	v = 0.0	</D>
		<D>	w = 0.0	</D>
		<H>	p = 0.0	</H>
	2	v	4
		<D>	u = 1.0	</D>
		<D>	v = 0.0	</D>
		<D>	w = 0.0	</D>
		<H>	p = 0.0	</H>
	3	o	4
		<N>	u = 0.0	</N>
		<N>	v = 0.0	</N>
		<N>	w = 0.0	</N>
		<D>	p = 0.0	</D>
</BCS>


<NODES NUMBER=272>
    1	             -8            -10              0
    2	             -2            -10              0
    3	             -0.9            -10              0
    4	           -0.5            -10              0
    5	              0            -10              0
    6	            0.5            -10              0
    7	              1            -10              0
    8	              2            -10              0
    9	              3            -10              0
   10	            4.5            -10              0
   11	            6.5            -10              0
   12	              9            -10              0
   13	           11.75            -10              0
   14	           14.5            -10              0
   15	             17            -10              0
   16	             20            -10              0
   17	             -8           -4.5              0
   18	             -2           -4.5              0
   19	             -0.9           -4.5              0
   20	           -0.5           -4.5              0
   21	              0           -4.5              0
   22	            0.5           -4.5              0
   23	              1           -4.5              0
   24	              2           -4.5              0
   25	              3           -4.5              0
   26	            4.5           -4.5              0
   27	            6.5           -4.5              0
   28	              9           -4.5              0
   29	           11.75           -4.5              0
   30	           14.5           -4.5              0
   31	             17           -4.5              0
   32	             20           -4.5              0
   33	             -8             -3              0
   34	             -2             -3              0
   35	             -0.9             -3              0
   36	           -0.5             -3              0
   37	              0             -3              0
   38	            0.5             -3              0
   39	              1             -3              0
   40	              2             -3              0
   41	              3             -3              0
   42	            4.5             -3              0
   43	            6.5             -3              0
   44	              9             -3              0
   45	           11.75             -3              0
   46	           14.5             -3              0
   47	             17             -3              0
   48	             20             -3              0
   49	             -8          -2.25              0
   50	             -2          -2.25              0
   51	             -0.9          -2.25              0
   52	           -0.5          -2.25              0
   53	              0          -2.25              0
   54	            0.5          -2.25              0
   55	              1          -2.25              0
   56	              2          -2.25              0
   57	              3          -2.25              0
   58	            4.5          -2.25              0
   59	            6.5          -2.25              0
   60	              9          -2.25              0
   61	           11.75          -2.25              0
   62	           14.5          -2.25              0
   63	             17          -2.25              0
   64	             20          -2.25              0
   65	             -8           -1.5              0
   66	             -2           -1.5              0
   67	             -0.9           -1.5              0
   68	           -0.5           -1.5              0
   69	              0           -1.5              0
   70	            0.5           -1.5              0
   71	              1           -1.5              0
   72	              2           -1.5              0
   73	              3           -1.5              0
   74	            4.5           -1.5              0
   75	            6.5           -1.5              0
   76	              9           -1.5              0
   77	           11.75           -1.5              0
   78	           14.5           -1.5              0
   79	             17           -1.5              0
   80	             20           -1.5              0
   81	             -8             -1              0
   82	             -2             -1              0
   83	             -0.9             -1              0
   84	           -0.5             -1              0
   85	              0             -1              0
   86	            0.5             -1              0
   87	              1             -1              0
   88	              2             -1              0
   89	              3             -1              0
   90	            4.5             -1              0
   91	            6.5             -1              0
   92	              9             -1              0
   93	           11.75             -1              0
   94	           14.5             -1              0
   95	             17             -1              0
   96	             20             -1              0
   97	             -8          -0.65              0
   98	             -2          -0.65              0
   99	             -0.9          -0.65              0
  100	           -0.5          -0.65              0
  101	              0          -0.65              0
  102	            0.5          -0.65              0
  103	              1          -0.65              0
  104	              2          -0.65              0
  105	              3          -0.65              0
  106	            4.5          -0.65              0
  107	            6.5          -0.65              0
  108	              9          -0.65              0
  109	           11.75          -0.65              0
  110	           14.5          -0.65              0
  111	             17          -0.65              0
  112	             20          -0.65              0
  113	             -8           -0.4              0
  114	             -2           -0.4              0
  115	             -0.9           -0.4              0
  116	           -0.5           -0.5              0
  117	              0           -0.5              0
  118	            0.5           -0.5              0
  119	              1           -0.5              0
  120	              2           -0.45             0
  121	              3           -0.4              0
  122	            4.5           -0.35             0
  123	            6.5           -0.35             0
  124	              9           -0.35             0
  125	           11.75          -0.35             0
  126	           14.5           -0.35             0
  127	             17           -0.35             0
  128	             20           -0.35             0
  129	             -8              0              0
  130	             -2              0              0
  131	             -0.9              0              0
  132	           -0.5              0              0
  133	              0              0              0
  134	            0.5              0              0
  135	              1              0              0
  136	              2              0              0
  137	              3              0              0
  138	            4.5              0              0
  139	            6.5              0              0
  140	              9              0              0
  141	           11.75              0              0
  142	           14.5              0              0
  143	             17              0              0
  144	             20              0              0
  145	             -8            0.4              0
  146	             -2            0.4              0
  147	             -0.9            0.4              0
  148	           -0.5            0.5              0
  149	              0            0.5              0
  150	            0.5            0.5              0
  151	              1            0.5              0
  152	              2            0.45             0
  153	              3            0.4              0
  154	            4.5            0.35             0
  155	            6.5            0.35             0
  156	              9            0.35             0
  157	           11.75            0.35             0
  158	           14.5            0.35             0
  159	             17            0.35             0
  160	             20            0.35             0
  161	             -8           0.65              0
  162	             -2           0.65              0
  163	             -0.9           0.65              0
  164	           -0.5           0.65              0
  165	              0           0.65              0
  166	            0.5           0.65              0
  167	              1           0.65              0
  168	              2           0.65              0
  169	              3           0.65              0
  170	            4.5           0.65              0
  171	            6.5           0.65              0
  172	              9           0.65              0
  173	           11.75           0.65              0
  174	           14.5           0.65              0
  175	             17           0.65              0
  176	             20           0.65              0
  177	             -8              1              0
  178	             -2              1              0
  179	             -0.9              1              0
  180	           -0.5              1              0
  181	              0              1              0
  182	            0.5              1              0
  183	              1              1              0
  184	              2              1              0
  185	              3              1              0
  186	            4.5              1              0
  187	            6.5              1              0
  188	              9              1              0
  189	           11.75              1              0
  190	           14.5              1              0
  191	             17              1              0
  192	             20              1              0
  193	             -8            1.5              0
  194	             -2            1.5              0
  195	             -0.9            1.5              0
  196	           -0.5            1.5              0
  197	              0            1.5              0
  198	            0.5            1.5              0
  199	              1            1.5              0
  200	              2            1.5              0
  201	              3            1.5              0
  202	            4.5            1.5              0
  203	            6.5            1.5              0
  204	              9            1.5              0
  205	           11.75            1.5              0
  206	           14.5            1.5              0
  207	             17            1.5              0
  208	             20            1.5              0
  209	             -8           2.25              0
  210	             -2           2.25              0
  211	             -0.9           2.25              0
  212	           -0.5           2.25              0
  213	              0           2.25              0
  214	            0.5           2.25              0
  215	              1           2.25              0
  216	              2           2.25              0
  217	              3           2.25              0
  218	            4.5           2.25              0
  219	            6.5           2.25              0
  220	              9           2.25              0
  221	           11.75           2.25              0
  222	           14.5           2.25              0
  223	             17           2.25              0
  224	             20           2.25              0
  225	             -8              3              0
  226	             -2              3              0
  227	             -0.9              3              0
  228	           -0.5              3              0
  229	              0              3              0
  230	            0.5              3              0
  231	              1              3              0
  232	              2              3              0
  233	              3              3              0
  234	            4.5              3              0
  235	            6.5              3              0
  236	              9              3              0
  237	           11.75              3              0
  238	           14.5              3              0
  239	             17              3              0
  240	             20              3              0
  241	             -8            4.5              0
  242	             -2            4.5              0
  243	             -0.9            4.5              0
  244	           -0.5            4.5              0
  245	              0            4.5              0
  246	            0.5            4.5              0
  247	              1            4.5              0
  248	              2            4.5              0
  249	              3            4.5              0
  250	            4.5            4.5              0
  251	            6.5            4.5              0
  252	              9            4.5              0
  253	           11.75            4.5              0
  254	           14.5            4.5              0
  255	             17            4.5              0
  256	             20            4.5              0
  257	             -8             10              0
  258	             -2             10              0
  259	             -0.9             10              0
  260	           -0.5             10              0
  261	              0             10              0
  262	            0.5             10              0
  263	              1             10              0
  264	              2             10              0
  265	              3             10              0
  266	            4.5             10              0
  267	            6.5             10              0
  268	              9             10              0
  269	           11.75             10              0
  270	           14.5             10              0
  271	             17             10              0
  272	             20             10              0
</NODES>

<ELEMENTS NUMBER=236
    1	<Q>    1    2   18   17    </Q>
    2	<Q>    2    3   19   18    </Q>
    3	<Q>    3    4   20   19    </Q>
    4	<Q>    4    5   21   20    </Q>
    5	<Q>    5    6   22   21    </Q>
    6	<Q>    6    7   23   22    </Q>
    7	<Q>    7    8   24   23    </Q>
    8	<Q>    8    9   25   24    </Q>
    9	<Q>    9   10   26   25    </Q>
   10	<Q>   10   11   27   26    </Q>
   11	<Q>   11   12   28   27    </Q>
   12	<Q>   12   13   29   28    </Q>
   13	<Q>   13   14   30   29    </Q>
   14	<Q>   14   15   31   30    </Q>
   15	<Q>   15   16   32   31    </Q>
   16	<Q>   17   18   34   33    </Q>
   17	<Q>   18   19   35   34    </Q>
   18	<Q>   19   20   36   35    </Q>
   19	<Q>   20   21   37   36    </Q>
   20	<Q>   21   22   38   37    </Q>
   21	<Q>   22   23   39   38    </Q>
   22	<Q>   23   24   40   39    </Q>
   23	<Q>   24   25   41   40    </Q>
   24	<Q>   25   26   42   41    </Q>
   25	<Q>   26   27   43   42    </Q>
   26	<Q>   27   28   44   43    </Q>
   27	<Q>   28   29   45   44    </Q>
   28	<Q>   29   30   46   45    </Q>
   29	<Q>   30   31   47   46    </Q>
   30	<Q>   31   32   48   47    </Q>
   31	<Q>   33   34   50   49    </Q>
   32	<Q>   34   35   51   50    </Q>
   33	<Q>   35   36   52   51    </Q>
   34	<Q>   36   37   53   52    </Q>
   35	<Q>   37   38   54   53    </Q>
   36	<Q>   38   39   55   54    </Q>
   37	<Q>   39   40   56   55    </Q>
   38	<Q>   40   41   57   56    </Q>
   39	<Q>   41   42   58   57    </Q>
   40	<Q>   42   43   59   58    </Q>
   41	<Q>   43   44   60   59    </Q>
   42	<Q>   44   45   61   60    </Q>
   43	<Q>   45   46   62   61    </Q>
   44	<Q>   46   47   63   62    </Q>
   45	<Q>   47   48   64   63    </Q>
   46	<Q>   49   50   66   65    </Q>
   47	<Q>   50   51   67   66    </Q>
   48	<Q>   51   52   68   67    </Q>
   49	<Q>   52   53   69   68    </Q>
   50	<Q>   53   54   70   69    </Q>
   51	<Q>   54   55   71   70    </Q>
   52	<Q>   55   56   72   71    </Q>
   53	<Q>   56   57   73   72    </Q>
   54	<Q>   57   58   74   73    </Q>
   55	<Q>   58   59   75   74    </Q>
   56	<Q>   59   60   76   75    </Q>
   57	<Q>   60   61   77   76    </Q>
   58	<Q>   61   62   78   77    </Q>
   59	<Q>   62   63   79   78    </Q>
   60	<Q>   63   64   80   79    </Q>
   61	<Q>   65   66   82   81    </Q>
   62	<Q>   66   67   83   82    </Q>
   63	<Q>   67   68   84   83    </Q>
   64	<Q>   68   69   85   84    </Q>
   65	<Q>   69   70   86   85    </Q>
   66	<Q>   70   71   87   86    </Q>
   67	<Q>   71   72   88   87    </Q>
   68	<Q>   72   73   89   88    </Q>
   69	<Q>   73   74   90   89    </Q>
   70	<Q>   74   75   91   90    </Q>
   71	<Q>   75   76   92   91    </Q>
   72	<Q>   76   77   93   92    </Q>
   73	<Q>   77   78   94   93    </Q>
   74	<Q>   78   79   95   94    </Q>
   75	<Q>   79   80   96   95    </Q>
   76	<Q>   81   82   98   97    </Q>
   77	<Q>   82   83   99   98    </Q>
   78	<Q>   83   84  100   99    </Q>
   79	<Q>   84   85  101  100    </Q>
   80	<Q>   85   86  102  101    </Q>
   81	<Q>   86   87  103  102    </Q>
   82	<Q>   87   88  104  103    </Q>
   83	<Q>   88   89  105  104    </Q>
   84	<Q>   89   90  106  105    </Q>
   85	<Q>   90   91  107  106    </Q>
   86	<Q>   91   92  108  107    </Q>
   87	<Q>   92   93  109  108    </Q>
   88	<Q>   93   94  110  109    </Q>
   89	<Q>   94   95  111  110    </Q>
   90	<Q>   95   96  112  111    </Q>
   91	<Q>   97   98  114  113    </Q>
   92	<Q>   98   99  115  114    </Q>
   93	<Q>   99  100  116  115    </Q>
   94	<Q>  100  101  117  116    </Q>
   95	<Q>  101  102  118  117    </Q>
   96	<Q>  102  103  119  118    </Q>
   97	<Q>  103  104  120  119    </Q>
   98	<Q>  104  105  121  120    </Q>
   99	<Q>  105  106  122  121    </Q>
  100	<Q>  106  107  123  122    </Q>
  101	<Q>  107  108  124  123    </Q>
  102	<Q>  108  109  125  124    </Q>
  103	<Q>  109  110  126  125    </Q>
  104	<Q>  110  111  127  126    </Q>
  105	<Q>  111  112  128  127    </Q>
  106	<Q>  113  114  130  129    </Q>
  107	<Q>  114  115  131  130    </Q>
  108	<Q>  115  116  132  131    </Q>
  109	<Q>  118  119  135  134    </Q>
  110	<Q>  119  120  136  135    </Q>
  111	<Q>  120  121  137  136    </Q>
  112	<Q>  121  122  138  137    </Q>
  113	<Q>  122  123  139  138    </Q>
  114	<Q>  123  124  140  139    </Q>
  115	<Q>  124  125  141  140    </Q>
  116	<Q>  125  126  142  141    </Q>
  117	<Q>  126  127  143  142    </Q>
  118	<Q>  127  128  144  143    </Q>
  119	<Q>  129  130  146  145    </Q>
  120	<Q>  130  131  147  146    </Q>
  121	<Q>  131  132  148  147    </Q>
  122	<Q>  134  135  151  150    </Q>
  123	<Q>  135  136  152  151    </Q>
  124	<Q>  136  137  153  152    </Q>
  125	<Q>  137  138  154  153    </Q>
  126	<Q>  138  139  155  154    </Q>
  127	<Q>  139  140  156  155    </Q>
  128	<Q>  140  141  157  156    </Q>
  129	<Q>  141  142  158  157    </Q>
  130	<Q>  142  143  159  158    </Q>
  131	<Q>  143  144  160  159    </Q>
  132	<Q>  145  146  162  161    </Q>
  133	<Q>  146  147  163  162    </Q>
  134	<Q>  147  148  164  163    </Q>
  135	<Q>  148  149  165  164    </Q>
  136	<Q>  149  150  166  165    </Q>
  137	<Q>  150  151  167  166    </Q>
  138	<Q>  151  152  168  167    </Q>
  139	<Q>  152  153  169  168    </Q>
  140	<Q>  153  154  170  169    </Q>
  141	<Q>  154  155  171  170    </Q>
  142	<Q>  155  156  172  171    </Q>
  143	<Q>  156  157  173  172    </Q>
  144	<Q>  157  158  174  173    </Q>
  145	<Q>  158  159  175  174    </Q>
  146	<Q>  159  160  176  175    </Q>
  147	<Q>  161  162  178  177    </Q>
  148	<Q>  162  163  179  178    </Q>
  149	<Q>  163  164  180  179    </Q>
  150	<Q>  164  165  181  180    </Q>
  151	<Q>  165  166  182  181    </Q>
  152	<Q>  166  167  183  182    </Q>
  153	<Q>  167  168  184  183    </Q>
  154	<Q>  168  169  185  184    </Q>
  155	<Q>  169  170  186  185    </Q>
  156	<Q>  170  171  187  186    </Q>
  157	<Q>  171  172  188  187    </Q>
  158	<Q>  172  173  189  188    </Q>
  159	<Q>  173  174  190  189    </Q>
  160	<Q>  174  175  191  190    </Q>
  161	<Q>  175  176  192  191    </Q>
  162	<Q>  177  178  194  193    </Q>
  163	<Q>  178  179  195  194    </Q>
  164	<Q>  179  180  196  195    </Q>
  165	<Q>  180  181  197  196    </Q>
  166	<Q>  181  182  198  197    </Q>
  167	<Q>  182  183  199  198    </Q>
  168	<Q>  183  184  200  199    </Q>
  169	<Q>  184  185  201  200    </Q>
  170	<Q>  185  186  202  201    </Q>
  171	<Q>  186  187  203  202    </Q>
  172	<Q>  187  188  204  203    </Q>
  173	<Q>  188  189  205  204    </Q>
  174	<Q>  189  190  206  205    </Q>
  175	<Q>  190  191  207  206    </Q>
  176	<Q>  191  192  208  207    </Q>
  177	<Q>  193  194  210  209    </Q>
  178	<Q>  194  195  211  210    </Q>
  179	<Q>  195  196  212  211    </Q>
  180	<Q>  196  197  213  212    </Q>
  181	<Q>  197  198  214  213    </Q>
  182	<Q>  198  199  215  214    </Q>
  183	<Q>  199  200  216  215    </Q>
  184	<Q>  200  201  217  216    </Q>
  185	<Q>  201  202  218  217    </Q>
  186	<Q>  202  203  219  218    </Q>
  187	<Q>  203  204  220  219    </Q>
  188	<Q>  204  205  221  220    </Q>
  189	<Q>  205  206  222  221    </Q>
  190	<Q>  206  207  223  222    </Q>
  191	<Q>  207  208  224  223    </Q>
  192	<Q>  209  210  226  225    </Q>
  193	<Q>  210  211  227  226    </Q>
  194	<Q>  211  212  228  227    </Q>
  195	<Q>  212  213  229  228    </Q>
  196	<Q>  213  214  230  229    </Q>
  197	<Q>  214  215  231  230    </Q>
  198	<Q>  215  216  232  231    </Q>
  199	<Q>  216  217  233  232    </Q>
  200	<Q>  217  218  234  233    </Q>
  201	<Q>  218  219  235  234    </Q>
  202	<Q>  219  220  236  235    </Q>
  203	<Q>  220  221  237  236    </Q>
  204	<Q>  221  222  238  237    </Q>
  205	<Q>  222  223  239  238    </Q>
  206	<Q>  223  224  240  239    </Q>
  207	<Q>  225  226  242  241    </Q>
  208	<Q>  226  227  243  242    </Q>
  209	<Q>  227  228  244  243    </Q>
  210	<Q>  228  229  245  244    </Q>
  211	<Q>  229  230  246  245    </Q>
  212	<Q>  230  231  247  246    </Q>
  213	<Q>  231  232  248  247    </Q>
  214	<Q>  232  233  249  248    </Q>
  215	<Q>  233  234  250  249    </Q>
  216	<Q>  234  235  251  250    </Q>
  217	<Q>  235  236  252  251    </Q>
  218	<Q>  236  237  253  252    </Q>
  219	<Q>  237  238  254  253    </Q>
  220	<Q>  238  239  255  254    </Q>
  221	<Q>  239  240  256  255    </Q>
  222	<Q>  241  242  258  257    </Q>
  223	<Q>  242  243  259  258    </Q>
  224	<Q>  243  244  260  259    </Q>
  225	<Q>  244  245  261  260    </Q>
  226	<Q>  245  246  262  261    </Q>
  227	<Q>  246  247  263  262    </Q>
  228	<Q>  247  248  264  263    </Q>
  229	<Q>  248  249  265  264    </Q>
  230	<Q>  249  250  266  265    </Q>
  231	<Q>  250  251  267  266    </Q>
  232	<Q>  251  252  268  267    </Q>
  233	<Q>  252  253  269  268    </Q>
  234	<Q>  253  254  270  269    </Q>
  235	<Q>  254  255  271  270    </Q>
  236	<Q>  255  256  272  271    </Q>
</ELEMENTS>

<SURFACES NUMBER=70
    1    1    1    <B> v </B>
    2    2    1    <B> v </B>
    3    3    1    <B> v </B>
    4    4    1    <B> v </B>
    5    5    1    <B> v </B>
    6    6    1    <B> v </B>
    7    7    1    <B> v </B>
    8    8    1    <B> v </B>
    9    9    1    <B> v </B>
   10   10    1    <B> v </B>
   11   11    1    <B> v </B>
   12   12    1    <B> v </B>
   13   13    1    <B> v </B>
   14   14    1    <B> v </B>
   15   15    1    <B> v </B>
   16   15    2    <B> o </B>
   17   30    2    <B> o </B>
   18   45    2    <B> o </B>
   19   60    2    <B> o </B>
   20   75    2    <B> o </B>
   21   90    2    <B> o </B>
   22  105    2    <B> o </B>
   23  118    2    <B> o </B>
   24  131    2    <B> o </B>
   25  146    2    <B> o </B>
   26  161    2    <B> o </B>
   27  176    2    <B> o </B>
   28  191    2    <B> o </B>
   29  206    2    <B> o </B>
   30  221    2    <B> o </B>
   31  236    2    <B> o </B>
   32  236    3    <B> v </B>
   33  235    3    <B> v </B>
   34  234    3    <B> v </B>
   35  233    3    <B> v </B>
   36  232    3    <B> v </B>
   37  231    3    <B> v </B>
   38  230    3    <B> v </B>
   39  229    3    <B> v </B>
   40  228    3    <B> v </B>
   41  227    3    <B> v </B>
   42  226    3    <B> v </B>
   43  225    3    <B> v </B>
   44  224    3    <B> v </B>
   45  223    3    <B> v </B>
   46  222    3    <B> v </B>
   47  222    4    <B> v </B>
   48  207    4    <B> v </B>
   49  192    4    <B> v </B>
   50  177    4    <B> v </B>
   51  162    4    <B> v </B>
   52  147    4    <B> v </B>
   53  132    4    <B> v </B>
   54  119    4    <B> v </B>
   55  106    4    <B> v </B>
   56   91    4    <B> v </B>
   57   76    4    <B> v </B>
   58   61    4    <B> v </B>
   59   46    4    <B> v </B>
   60   31    4    <B> v </B>
   61   16    4    <B> v </B>
   62    1    4    <B> v </B>

   63   94    3    <B> w </B>
   64   95    3    <B> w </B>
   65  109    4    <B> w </B>
   66  122    4    <B> w </B>
   67  136    1    <B> w </B>
   68  135    1    <B> w </B>
   69  121    2    <B> w </B>
   70  108    2    <B> w </B>
</SURFACES>
