# 50% Diametral blockage, 75% on area, 50D long, refined. 
# 894 elements.

<FIELDS NUMBER=4>
        u       v       w	p
</FIELDS>

<TOKENS>
        CYLINDRICAL = 1
	URED        = 10
        RE          = 400
        KINVIS      = 1/RE

	N_BASE      = 2
	N_SLICE     = 192
	BASE_PERIOD = 10

	STEPS_P     = 30*1024
	D_T         = URED/STEPS_P
	T_OFFSET    = 0.25*BASE_PERIOD
	TAU_T=1
	N_STEP      = int(TAU_T*STEPS_P)
	N_TIME 	    = 2

        N_P         = 8
        N_Z         = 1
        K_FUND      = 1
        BETA        = K_FUND
        IO_HIS      = 50
        IO_FLD      = N_STEP/64
        CHKPOINT    = 0
</TOKENS>

<GROUPS NUMBER=4>
        1       w       wall
        2       v       velocity
        3       o       exit
        4       a       axis
</GROUPS>

<BCS NUMBER=4>
1       w       4
	<D>     u = 0.0 </D>
        <D>     v = 0.0 </D>
        <D>     w = 0.0 </D>
        <H>     p       </H>
2       v       4
        <D>	u = 0.0 </D>
        <D>     v = 0.0 </D>
        <D>     w = 0.0 </D>
        <H>     p       </H>
3       o       4
        <D>     u = 0.0 </D>
        <D>     v = 0.0 </D>
        <D>     w = 0.0 </D>
        <H>     p       </H>
4       a       4
        <A>     u	</A>
        <A>     v	</A>
        <A>     w	</A>
        <A>     p	</A>
</BCS>

<NODES NUMBER=1074>
 1 0.000000 0.000000 0.000000 
 2 1.500000 0.000000 0.000000 
 3 1.500000 0.100000 0.000000 
 4 0.000000 0.100000 0.000000 
 5 3.000000 0.000000 0.000000 
 6 3.000000 0.100000 0.000000 
 7 1.500000 0.200000 0.000000 
 8 0.000000 0.200000 0.000000 
 9 3.000000 0.200000 0.000000 
 10 1.500000 0.300000 0.000000 
 11 0.000000 0.300000 0.000000 
 12 3.000000 0.300000 0.000000 
 13 1.500000 0.400000 0.000000 
 14 0.000000 0.400000 0.000000 
 15 3.000000 0.400000 0.000000 
 16 1.500000 0.500000 0.000000 
 17 0.000000 0.500000 0.000000 
 18 3.000000 0.500000 0.000000 
 19 4.000000 0.000000 0.000000 
 20 4.000000 0.100000 0.000000 
 21 4.000000 0.200000 0.000000 
 22 4.000000 0.300000 0.000000 
 23 4.000000 0.400000 0.000000 
 24 4.000000 0.450000 0.000000 
 25 3.500000 0.450000 0.000000 
 26 3.500000 0.475000 0.000000 
 27 4.000000 0.475000 0.000000 
 28 4.000000 0.500000 0.000000 
 29 4.250000 0.000000 0.000000 
 30 4.250000 0.092679 0.000000 
 31 4.500000 0.000000 0.000000 
 32 4.500000 0.075000 0.000000 
 33 4.700000 0.000000 0.000000 
 34 4.700000 0.060305 0.000000 
 35 4.900000 0.000000 0.000000 
 36 4.900000 0.051225 0.000000 
 37 5.100000 0.000000 0.000000 
 38 5.100000 0.051225 0.000000 
 39 5.250000 0.000000 0.000000 
 40 5.250000 0.057322 0.000000 
 41 5.400000 0.000000 0.000000 
 42 5.400000 0.067275 0.000000 
 43 5.550000 0.000000 0.000000 
 44 5.550000 0.078911 0.000000 
 45 5.700000 0.000000 0.000000 
 46 5.700000 0.089695 0.000000 
 47 5.850000 0.000000 0.000000 
 48 5.850000 0.097275 0.000000 
 49 6.000000 0.000000 0.000000 
 50 6.000000 0.100000 0.000000 
 51 6.150000 0.000000 0.000000 
 52 6.150000 0.100000 0.000000 
 53 6.300000 0.000000 0.000000 
 54 6.300000 0.100000 0.000000 
 55 6.450000 0.000000 0.000000 
 56 6.450000 0.100000 0.000000 
 57 6.600000 0.000000 0.000000 
 58 6.600000 0.100000 0.000000 
 59 6.750000 0.000000 0.000000 
 60 6.750000 0.100000 0.000000 
 61 6.900000 0.000000 0.000000 
 62 6.900000 0.100000 0.000000 
 63 7.050000 0.000000 0.000000 
 64 7.050000 0.100000 0.000000 
 65 7.200000 0.000000 0.000000 
 66 7.200000 0.100000 0.000000 
 67 7.350000 0.000000 0.000000 
 68 7.350000 0.100000 0.000000 
 69 7.500000 0.000000 0.000000 
 70 7.500000 0.100000 0.000000 
 71 7.650000 0.000000 0.000000 
 72 7.650000 0.100000 0.000000 
 73 7.800000 0.000000 0.000000 
 74 7.800000 0.100000 0.000000 
 75 7.950000 0.000000 0.000000 
 76 7.950000 0.100000 0.000000 
 77 8.100000 0.000000 0.000000 
 78 8.100000 0.100000 0.000000 
 79 8.250000 0.000000 0.000000 
 80 8.250000 0.100000 0.000000 
 81 8.400000 0.000000 0.000000 
 82 8.400000 0.100000 0.000000 
 83 8.550000 0.000000 0.000000 
 84 8.550000 0.100000 0.000000 
 85 8.700000 0.000000 0.000000 
 86 8.700000 0.100000 0.000000 
 87 8.850000 0.000000 0.000000 
 88 8.850000 0.100000 0.000000 
 89 9.000000 0.000000 0.000000 
 90 9.000000 0.100000 0.000000 
 91 9.150000 0.000000 0.000000 
 92 9.150000 0.100000 0.000000 
 93 9.300000 0.000000 0.000000 
 94 9.300000 0.100000 0.000000 
 95 9.450000 0.000000 0.000000 
 96 9.450000 0.100000 0.000000 
 97 9.600000 0.000000 0.000000 
 98 9.600000 0.100000 0.000000 
 99 9.750000 0.000000 0.000000 
 100 9.750000 0.100000 0.000000 
 101 9.900000 0.000000 0.000000 
 102 9.900000 0.100000 0.000000 
 103 10.050000 0.000000 0.000000 
 104 10.050000 0.100000 0.000000 
 105 10.200000 0.000000 0.000000 
 106 10.200000 0.100000 0.000000 
 107 10.350000 0.000000 0.000000 
 108 10.350000 0.100000 0.000000 
 109 10.500000 0.000000 0.000000 
 110 10.500000 0.100000 0.000000 
 111 10.650000 0.000000 0.000000 
 112 10.650000 0.100000 0.000000 
 113 10.800000 0.000000 0.000000 
 114 10.800000 0.100000 0.000000 
 115 10.950000 0.000000 0.000000 
 116 10.950000 0.100000 0.000000 
 117 11.100000 0.000000 0.000000 
 118 11.100000 0.100000 0.000000 
 119 11.250000 0.000000 0.000000 
 120 11.250000 0.100000 0.000000 
 121 11.400000 0.000000 0.000000 
 122 11.400000 0.100000 0.000000 
 123 11.550000 0.000000 0.000000 
 124 11.550000 0.100000 0.000000 
 125 11.700000 0.000000 0.000000 
 126 11.700000 0.100000 0.000000 
 127 11.850000 0.000000 0.000000 
 128 11.850000 0.100000 0.000000 
 129 12.000000 0.000000 0.000000 
 130 12.000000 0.100000 0.000000 
 131 4.250000 0.185355 0.000000 
 132 4.500000 0.150000 0.000000 
 133 4.700000 0.120611 0.000000 
 134 4.900000 0.102448 0.000000 
 135 5.100000 0.102448 0.000000 
 136 5.250000 0.114645 0.000000 
 137 5.400000 0.134550 0.000000 
 138 5.550000 0.157823 0.000000 
 139 5.700000 0.179389 0.000000 
 140 5.850000 0.194549 0.000000 
 141 6.000000 0.200000 0.000000 
 142 6.150000 0.200000 0.000000 
 143 6.300000 0.200000 0.000000 
 144 6.450000 0.200000 0.000000 
 145 6.600000 0.200000 0.000000 
 146 6.750000 0.200000 0.000000 
 147 6.900000 0.200000 0.000000 
 148 7.050000 0.200000 0.000000 
 149 7.200000 0.200000 0.000000 
 150 7.350000 0.200000 0.000000 
 151 7.500000 0.200000 0.000000 
 152 7.650000 0.200000 0.000000 
 153 7.800000 0.200000 0.000000 
 154 7.950000 0.200000 0.000000 
 155 8.100000 0.200000 0.000000 
 156 8.250000 0.200000 0.000000 
 157 8.400000 0.200000 0.000000 
 158 8.550000 0.200000 0.000000 
 159 8.700000 0.200000 0.000000 
 160 8.850000 0.200000 0.000000 
 161 9.000000 0.200000 0.000000 
 162 9.150000 0.200000 0.000000 
 163 9.300000 0.200000 0.000000 
 164 9.450000 0.200000 0.000000 
 165 9.600000 0.200000 0.000000 
 166 9.750000 0.200000 0.000000 
 167 9.900000 0.200000 0.000000 
 168 10.050000 0.200000 0.000000 
 169 10.200000 0.200000 0.000000 
 170 10.350000 0.200000 0.000000 
 171 10.500000 0.200000 0.000000 
 172 10.650000 0.200000 0.000000 
 173 10.800000 0.200000 0.000000 
 174 10.950000 0.200000 0.000000 
 175 11.100000 0.200000 0.000000 
 176 11.250000 0.200000 0.000000 
 177 11.400000 0.200000 0.000000 
 178 11.550000 0.200000 0.000000 
 179 11.700000 0.200000 0.000000 
 180 11.850000 0.200000 0.000000 
 181 12.000000 0.200000 0.000000 
 182 4.250000 0.278034 0.000000 
 183 4.500000 0.225000 0.000000 
 184 4.700000 0.180916 0.000000 
 185 4.900000 0.153670 0.000000 
 186 5.100000 0.153670 0.000000 
 187 5.250000 0.171966 0.000000 
 188 5.400000 0.201824 0.000000 
 189 5.550000 0.236734 0.000000 
 190 5.700000 0.269084 0.000000 
 191 5.850000 0.291825 0.000000 
 192 6.000000 0.300000 0.000000 
 193 6.150000 0.300000 0.000000 
 194 6.300000 0.300000 0.000000 
 195 6.450000 0.300000 0.000000 
 196 6.600000 0.300000 0.000000 
 197 6.750000 0.300000 0.000000 
 198 6.900000 0.300000 0.000000 
 199 7.050000 0.300000 0.000000 
 200 7.200000 0.300000 0.000000 
 201 7.350000 0.300000 0.000000 
 202 7.500000 0.300000 0.000000 
 203 7.650000 0.300000 0.000000 
 204 7.800000 0.300000 0.000000 
 205 7.950000 0.300000 0.000000 
 206 8.100000 0.300000 0.000000 
 207 8.250000 0.300000 0.000000 
 208 8.400000 0.300000 0.000000 
 209 8.550000 0.300000 0.000000 
 210 8.700000 0.300000 0.000000 
 211 8.850000 0.300000 0.000000 
 212 9.000000 0.300000 0.000000 
 213 9.150000 0.300000 0.000000 
 214 9.300000 0.300000 0.000000 
 215 9.450000 0.300000 0.000000 
 216 9.600000 0.300000 0.000000 
 217 9.750000 0.300000 0.000000 
 218 9.900000 0.300000 0.000000 
 219 10.050000 0.300000 0.000000 
 220 10.200000 0.300000 0.000000 
 221 10.350000 0.300000 0.000000 
 222 10.500000 0.300000 0.000000 
 223 10.650000 0.300000 0.000000 
 224 10.800000 0.300000 0.000000 
 225 10.950000 0.300000 0.000000 
 226 11.100000 0.300000 0.000000 
 227 11.250000 0.300000 0.000000 
 228 11.400000 0.300000 0.000000 
 229 11.550000 0.300000 0.000000 
 230 11.700000 0.300000 0.000000 
 231 11.850000 0.300000 0.000000 
 232 12.000000 0.300000 0.000000 
 233 4.250000 0.370711 0.000000 
 234 4.500000 0.300000 0.000000 
 235 4.700000 0.241221 0.000000 
 236 4.900000 0.204893 0.000000 
 237 5.100000 0.204893 0.000000 
 238 5.250000 0.229289 0.000000 
 239 5.400000 0.269098 0.000000 
 240 5.550000 0.315642 0.000000 
 241 5.700000 0.358779 0.000000 
 242 5.850000 0.389101 0.000000 
 243 6.000000 0.400000 0.000000 
 244 6.150000 0.400000 0.000000 
 245 6.300000 0.400000 0.000000 
 246 6.450000 0.400000 0.000000 
 247 6.600000 0.400000 0.000000 
 248 6.750000 0.400000 0.000000 
 249 6.900000 0.400000 0.000000 
 250 7.050000 0.400000 0.000000 
 251 7.200000 0.400000 0.000000 
 252 7.350000 0.400000 0.000000 
 253 7.500000 0.400000 0.000000 
 254 7.650000 0.400000 0.000000 
 255 7.800000 0.400000 0.000000 
 256 7.950000 0.400000 0.000000 
 257 8.100000 0.400000 0.000000 
 258 8.250000 0.400000 0.000000 
 259 8.400000 0.400000 0.000000 
 260 8.550000 0.400000 0.000000 
 261 8.700000 0.400000 0.000000 
 262 8.850000 0.400000 0.000000 
 263 9.000000 0.400000 0.000000 
 264 9.150000 0.400000 0.000000 
 265 9.300000 0.400000 0.000000 
 266 9.450000 0.400000 0.000000 
 267 9.600000 0.400000 0.000000 
 268 9.750000 0.400000 0.000000 
 269 9.900000 0.400000 0.000000 
 270 10.050000 0.400000 0.000000 
 271 10.200000 0.400000 0.000000 
 272 10.350000 0.400000 0.000000 
 273 10.500000 0.400000 0.000000 
 274 10.650000 0.400000 0.000000 
 275 10.800000 0.400000 0.000000 
 276 10.950000 0.400000 0.000000 
 277 11.100000 0.400000 0.000000 
 278 11.250000 0.400000 0.000000 
 279 11.400000 0.400000 0.000000 
 280 11.550000 0.400000 0.000000 
 281 11.700000 0.400000 0.000000 
 282 11.850000 0.400000 0.000000 
 283 12.000000 0.400000 0.000000 
 284 4.250000 0.417050 0.000000 
 285 4.500000 0.337500 0.000000 
 286 4.700000 0.271374 0.000000 
 287 4.900000 0.230506 0.000000 
 288 5.100000 0.230506 0.000000 
 289 5.250000 0.257949 0.000000 
 290 5.400000 0.302736 0.000000 
 291 5.550000 0.355099 0.000000 
 292 5.700000 0.403626 0.000000 
 293 5.850000 0.437738 0.000000 
 294 6.000000 0.450000 0.000000 
 295 6.150000 0.450000 0.000000 
 296 6.300000 0.450000 0.000000 
 297 6.450000 0.450000 0.000000 
 298 6.600000 0.450000 0.000000 
 299 6.750000 0.450000 0.000000 
 300 6.900000 0.450000 0.000000 
 301 7.050000 0.450000 0.000000 
 302 7.200000 0.450000 0.000000 
 303 7.350000 0.450000 0.000000 
 304 7.500000 0.450000 0.000000 
 305 7.650000 0.450000 0.000000 
 306 7.800000 0.450000 0.000000 
 307 7.950000 0.450000 0.000000 
 308 8.100000 0.450000 0.000000 
 309 8.250000 0.450000 0.000000 
 310 8.400000 0.450000 0.000000 
 311 8.550000 0.450000 0.000000 
 312 8.700000 0.450000 0.000000 
 313 8.850000 0.450000 0.000000 
 314 9.000000 0.450000 0.000000 
 315 9.150000 0.450000 0.000000 
 316 9.300000 0.450000 0.000000 
 317 9.450000 0.450000 0.000000 
 318 9.600000 0.450000 0.000000 
 319 9.750000 0.450000 0.000000 
 320 9.900000 0.450000 0.000000 
 321 10.050000 0.450000 0.000000 
 322 10.200000 0.450000 0.000000 
 323 10.350000 0.450000 0.000000 
 324 10.500000 0.450000 0.000000 
 325 10.650000 0.450000 0.000000 
 326 10.800000 0.450000 0.000000 
 327 10.950000 0.450000 0.000000 
 328 11.100000 0.450000 0.000000 
 329 11.250000 0.450000 0.000000 
 330 11.400000 0.450000 0.000000 
 331 11.550000 0.450000 0.000000 
 332 11.700000 0.450000 0.000000 
 333 11.850000 0.450000 0.000000 
 334 12.000000 0.450000 0.000000 
 335 4.250000 0.440219 0.000000 
 336 4.500000 0.356250 0.000000 
 337 4.700000 0.286451 0.000000 
 338 4.900000 0.243312 0.000000 
 339 5.100000 0.243312 0.000000 
 340 5.250000 0.272282 0.000000 
 341 5.400000 0.319554 0.000000 
 342 5.550000 0.374828 0.000000 
 343 5.700000 0.426049 0.000000 
 344 5.850000 0.462057 0.000000 
 345 6.000000 0.475000 0.000000 
 346 6.150000 0.475000 0.000000 
 347 6.300000 0.475000 0.000000 
 348 6.450000 0.475000 0.000000 
 349 6.600000 0.475000 0.000000 
 350 6.750000 0.475000 0.000000 
 351 6.900000 0.475000 0.000000 
 352 7.050000 0.475000 0.000000 
 353 7.200000 0.475000 0.000000 
 354 7.350000 0.475000 0.000000 
 355 7.500000 0.475000 0.000000 
 356 7.650000 0.475000 0.000000 
 357 7.800000 0.475000 0.000000 
 358 7.950000 0.475000 0.000000 
 359 8.100000 0.475000 0.000000 
 360 8.250000 0.475000 0.000000 
 361 8.400000 0.475000 0.000000 
 362 8.550000 0.475000 0.000000 
 363 8.700000 0.475000 0.000000 
 364 8.850000 0.475000 0.000000 
 365 9.000000 0.475000 0.000000 
 366 9.150000 0.475000 0.000000 
 367 9.300000 0.475000 0.000000 
 368 9.450000 0.475000 0.000000 
 369 9.600000 0.475000 0.000000 
 370 9.750000 0.475000 0.000000 
 371 9.900000 0.475000 0.000000 
 372 10.050000 0.475000 0.000000 
 373 10.200000 0.475000 0.000000 
 374 10.350000 0.475000 0.000000 
 375 10.500000 0.475000 0.000000 
 376 10.650000 0.475000 0.000000 
 377 10.800000 0.475000 0.000000 
 378 10.950000 0.475000 0.000000 
 379 11.100000 0.475000 0.000000 
 380 11.250000 0.475000 0.000000 
 381 11.400000 0.475000 0.000000 
 382 11.550000 0.475000 0.000000 
 383 11.700000 0.475000 0.000000 
 384 11.850000 0.475000 0.000000 
 385 12.000000 0.475000 0.000000 
 386 4.250000 0.463389 0.000000 
 387 4.500000 0.375000 0.000000 
 388 4.700000 0.301526 0.000000 
 389 4.900000 0.256118 0.000000 
 390 5.100000 0.256118 0.000000 
 391 5.250000 0.286612 0.000000 
 392 5.400000 0.336372 0.000000 
 393 5.550000 0.394554 0.000000 
 394 5.700000 0.448473 0.000000 
 395 5.850000 0.486376 0.000000 
 396 6.000000 0.500000 0.000000 
 397 6.150000 0.500000 0.000000 
 398 6.300000 0.500000 0.000000 
 399 6.450000 0.500000 0.000000 
 400 6.600000 0.500000 0.000000 
 401 6.750000 0.500000 0.000000 
 402 6.900000 0.500000 0.000000 
 403 7.050000 0.500000 0.000000 
 404 7.200000 0.500000 0.000000 
 405 7.350000 0.500000 0.000000 
 406 7.500000 0.500000 0.000000 
 407 7.650000 0.500000 0.000000 
 408 7.800000 0.500000 0.000000 
 409 7.950000 0.500000 0.000000 
 410 8.100000 0.500000 0.000000 
 411 8.250000 0.500000 0.000000 
 412 8.400000 0.500000 0.000000 
 413 8.550000 0.500000 0.000000 
 414 8.700000 0.500000 0.000000 
 415 8.850000 0.500000 0.000000 
 416 9.000000 0.500000 0.000000 
 417 9.150000 0.500000 0.000000 
 418 9.300000 0.500000 0.000000 
 419 9.450000 0.500000 0.000000 
 420 9.600000 0.500000 0.000000 
 421 9.750000 0.500000 0.000000 
 422 9.900000 0.500000 0.000000 
 423 10.050000 0.500000 0.000000 
 424 10.200000 0.500000 0.000000 
 425 10.350000 0.500000 0.000000 
 426 10.500000 0.500000 0.000000 
 427 10.650000 0.500000 0.000000 
 428 10.800000 0.500000 0.000000 
 429 10.950000 0.500000 0.000000 
 430 11.100000 0.500000 0.000000 
 431 11.250000 0.500000 0.000000 
 432 11.400000 0.500000 0.000000 
 433 11.550000 0.500000 0.000000 
 434 11.700000 0.500000 0.000000 
 435 11.850000 0.500000 0.000000 
 436 12.000000 0.500000 0.000000 
 437 12.250000 0.000000 0.000000 
 438 12.250000 0.100000 0.000000 
 439 12.500000 0.000000 0.000000 
 440 12.500000 0.100000 0.000000 
 441 12.250000 0.200000 0.000000 
 442 12.500000 0.200000 0.000000 
 443 12.250000 0.300000 0.000000 
 444 12.500000 0.300000 0.000000 
 445 12.250000 0.400000 0.000000 
 446 12.500000 0.400000 0.000000 
 447 12.250000 0.450000 0.000000 
 448 12.500000 0.450000 0.000000 
 449 12.250000 0.475000 0.000000 
 450 12.500000 0.500000 0.000000 
 451 12.750000 0.000000 0.000000 
 452 12.750000 0.100000 0.000000 
 453 13.000000 0.000000 0.000000 
 454 13.000000 0.100000 0.000000 
 455 13.250000 0.000000 0.000000 
 456 13.250000 0.100000 0.000000 
 457 13.500000 0.000000 0.000000 
 458 13.500000 0.100000 0.000000 
 459 13.750000 0.000000 0.000000 
 460 13.750000 0.100000 0.000000 
 461 14.000000 0.000000 0.000000 
 462 14.000000 0.100000 0.000000 
 463 14.250000 0.000000 0.000000 
 464 14.250000 0.100000 0.000000 
 465 14.500000 0.000000 0.000000 
 466 14.500000 0.100000 0.000000 
 467 14.750000 0.000000 0.000000 
 468 14.750000 0.100000 0.000000 
 469 15.000000 0.000000 0.000000 
 470 15.000000 0.100000 0.000000 
 471 15.250000 0.000000 0.000000 
 472 15.250000 0.100000 0.000000 
 473 15.500000 0.000000 0.000000 
 474 15.500000 0.100000 0.000000 
 475 15.750000 0.000000 0.000000 
 476 15.750000 0.100000 0.000000 
 477 16.000000 0.000000 0.000000 
 478 16.000000 0.100000 0.000000 
 479 12.750000 0.200000 0.000000 
 480 13.000000 0.200000 0.000000 
 481 13.250000 0.200000 0.000000 
 482 13.500000 0.200000 0.000000 
 483 13.750000 0.200000 0.000000 
 484 14.000000 0.200000 0.000000 
 485 14.250000 0.200000 0.000000 
 486 14.500000 0.200000 0.000000 
 487 14.750000 0.200000 0.000000 
 488 15.000000 0.200000 0.000000 
 489 15.250000 0.200000 0.000000 
 490 15.500000 0.200000 0.000000 
 491 15.750000 0.200000 0.000000 
 492 16.000000 0.200000 0.000000 
 493 12.750000 0.300000 0.000000 
 494 13.000000 0.300000 0.000000 
 495 13.250000 0.300000 0.000000 
 496 13.500000 0.300000 0.000000 
 497 13.750000 0.300000 0.000000 
 498 14.000000 0.300000 0.000000 
 499 14.250000 0.300000 0.000000 
 500 14.500000 0.300000 0.000000 
 501 14.750000 0.300000 0.000000 
 502 15.000000 0.300000 0.000000 
 503 15.250000 0.300000 0.000000 
 504 15.500000 0.300000 0.000000 
 505 15.750000 0.300000 0.000000 
 506 16.000000 0.300000 0.000000 
 507 12.750000 0.400000 0.000000 
 508 13.000000 0.400000 0.000000 
 509 13.250000 0.400000 0.000000 
 510 13.500000 0.400000 0.000000 
 511 13.750000 0.400000 0.000000 
 512 14.000000 0.400000 0.000000 
 513 14.250000 0.400000 0.000000 
 514 14.500000 0.400000 0.000000 
 515 14.750000 0.400000 0.000000 
 516 15.000000 0.400000 0.000000 
 517 15.250000 0.400000 0.000000 
 518 15.500000 0.400000 0.000000 
 519 15.750000 0.400000 0.000000 
 520 16.000000 0.400000 0.000000 
 521 12.750000 0.450000 0.000000 
 522 13.000000 0.450000 0.000000 
 523 13.250000 0.450000 0.000000 
 524 13.500000 0.450000 0.000000 
 525 13.750000 0.450000 0.000000 
 526 14.000000 0.450000 0.000000 
 527 14.250000 0.450000 0.000000 
 528 14.500000 0.450000 0.000000 
 529 14.750000 0.450000 0.000000 
 530 15.000000 0.450000 0.000000 
 531 15.250000 0.450000 0.000000 
 532 15.500000 0.450000 0.000000 
 533 15.750000 0.450000 0.000000 
 534 16.000000 0.450000 0.000000 
 535 12.750000 0.500000 0.000000 
 536 13.000000 0.500000 0.000000 
 537 13.250000 0.500000 0.000000 
 538 13.500000 0.500000 0.000000 
 539 13.750000 0.500000 0.000000 
 540 14.000000 0.500000 0.000000 
 541 14.250000 0.500000 0.000000 
 542 14.500000 0.500000 0.000000 
 543 14.750000 0.500000 0.000000 
 544 15.000000 0.500000 0.000000 
 545 15.250000 0.500000 0.000000 
 546 15.500000 0.500000 0.000000 
 547 15.750000 0.500000 0.000000 
 548 16.000000 0.500000 0.000000 
 549 16.250000 0.000000 0.000000 
 550 16.250000 0.100000 0.000000 
 551 16.500000 0.000000 0.000000 
 552 16.500000 0.100000 0.000000 
 553 16.250000 0.200000 0.000000 
 554 16.500000 0.200000 0.000000 
 555 16.250000 0.300000 0.000000 
 556 16.500000 0.300000 0.000000 
 557 16.250000 0.400000 0.000000 
 558 16.500000 0.400000 0.000000 
 559 16.250000 0.450000 0.000000 
 560 16.500000 0.500000 0.000000 
 561 16.750000 0.000000 0.000000 
 562 16.750000 0.100000 0.000000 
 563 17.000000 0.000000 0.000000 
 564 17.000000 0.100000 0.000000 
 565 17.250000 0.000000 0.000000 
 566 17.250000 0.100000 0.000000 
 567 17.500000 0.000000 0.000000 
 568 17.500000 0.100000 0.000000 
 569 17.750000 0.000000 0.000000 
 570 17.750000 0.100000 0.000000 
 571 18.000000 0.000000 0.000000 
 572 18.000000 0.100000 0.000000 
 573 18.250000 0.000000 0.000000 
 574 18.250000 0.100000 0.000000 
 575 18.500000 0.000000 0.000000 
 576 18.500000 0.100000 0.000000 
 577 18.750000 0.000000 0.000000 
 578 18.750000 0.100000 0.000000 
 579 19.000000 0.000000 0.000000 
 580 19.000000 0.100000 0.000000 
 581 19.250000 0.000000 0.000000 
 582 19.250000 0.100000 0.000000 
 583 19.500000 0.000000 0.000000 
 584 19.500000 0.100000 0.000000 
 585 19.750000 0.000000 0.000000 
 586 19.750000 0.100000 0.000000 
 587 20.000000 0.000000 0.000000 
 588 20.000000 0.100000 0.000000 
 589 16.750000 0.200000 0.000000 
 590 17.000000 0.200000 0.000000 
 591 17.250000 0.200000 0.000000 
 592 17.500000 0.200000 0.000000 
 593 17.750000 0.200000 0.000000 
 594 18.000000 0.200000 0.000000 
 595 18.250000 0.200000 0.000000 
 596 18.500000 0.200000 0.000000 
 597 18.750000 0.200000 0.000000 
 598 19.000000 0.200000 0.000000 
 599 19.250000 0.200000 0.000000 
 600 19.500000 0.200000 0.000000 
 601 19.750000 0.200000 0.000000 
 602 20.000000 0.200000 0.000000 
 603 16.750000 0.300000 0.000000 
 604 17.000000 0.300000 0.000000 
 605 17.250000 0.300000 0.000000 
 606 17.500000 0.300000 0.000000 
 607 17.750000 0.300000 0.000000 
 608 18.000000 0.300000 0.000000 
 609 18.250000 0.300000 0.000000 
 610 18.500000 0.300000 0.000000 
 611 18.750000 0.300000 0.000000 
 612 19.000000 0.300000 0.000000 
 613 19.250000 0.300000 0.000000 
 614 19.500000 0.300000 0.000000 
 615 19.750000 0.300000 0.000000 
 616 20.000000 0.300000 0.000000 
 617 16.750000 0.400000 0.000000 
 618 17.000000 0.400000 0.000000 
 619 17.250000 0.400000 0.000000 
 620 17.500000 0.400000 0.000000 
 621 17.750000 0.400000 0.000000 
 622 18.000000 0.400000 0.000000 
 623 18.250000 0.400000 0.000000 
 624 18.500000 0.400000 0.000000 
 625 18.750000 0.400000 0.000000 
 626 19.000000 0.400000 0.000000 
 627 19.250000 0.400000 0.000000 
 628 19.500000 0.400000 0.000000 
 629 19.750000 0.400000 0.000000 
 630 20.000000 0.400000 0.000000 
 631 16.750000 0.500000 0.000000 
 632 17.000000 0.500000 0.000000 
 633 17.250000 0.500000 0.000000 
 634 17.500000 0.500000 0.000000 
 635 17.750000 0.500000 0.000000 
 636 18.000000 0.500000 0.000000 
 637 18.250000 0.500000 0.000000 
 638 18.500000 0.500000 0.000000 
 639 18.750000 0.500000 0.000000 
 640 19.000000 0.500000 0.000000 
 641 19.250000 0.500000 0.000000 
 642 19.500000 0.500000 0.000000 
 643 19.750000 0.500000 0.000000 
 644 20.000000 0.500000 0.000000 
 645 20.125000 0.300000 0.000000 
 646 20.125000 0.400000 0.000000 
 647 20.250000 0.266667 0.000000 
 648 20.250000 0.400000 0.000000 
 649 20.125000 0.200000 0.000000 
 650 20.250000 0.133333 0.000000 
 651 20.125000 0.100000 0.000000 
 652 20.250000 0.000000 0.000000 
 653 20.125000 0.500000 0.000000 
 654 20.250000 0.500000 0.000000 
 655 20.500000 0.000000 0.000000 
 656 20.500000 0.133333 0.000000 
 657 20.750000 0.000000 0.000000 
 658 20.750000 0.133333 0.000000 
 659 21.000000 0.000000 0.000000 
 660 21.000000 0.133333 0.000000 
 661 21.250000 0.000000 0.000000 
 662 21.250000 0.133333 0.000000 
 663 21.500000 0.000000 0.000000 
 664 21.500000 0.133333 0.000000 
 665 21.750000 0.000000 0.000000 
 666 21.750000 0.133333 0.000000 
 667 22.000000 0.000000 0.000000 
 668 22.000000 0.133333 0.000000 
 669 22.250000 0.000000 0.000000 
 670 22.250000 0.133333 0.000000 
 671 22.500000 0.000000 0.000000 
 672 22.500000 0.133333 0.000000 
 673 22.750000 0.000000 0.000000 
 674 22.750000 0.133333 0.000000 
 675 23.000000 0.000000 0.000000 
 676 23.000000 0.133333 0.000000 
 677 23.250000 0.000000 0.000000 
 678 23.250000 0.133333 0.000000 
 679 23.500000 0.000000 0.000000 
 680 23.500000 0.133333 0.000000 
 681 23.750000 0.000000 0.000000 
 682 23.750000 0.133333 0.000000 
 683 24.000000 0.000000 0.000000 
 684 24.000000 0.133333 0.000000 
 685 24.250000 0.000000 0.000000 
 686 24.250000 0.133333 0.000000 
 687 24.500000 0.000000 0.000000 
 688 24.500000 0.133333 0.000000 
 689 24.750000 0.000000 0.000000 
 690 24.750000 0.133333 0.000000 
 691 25.000000 0.000000 0.000000 
 692 25.000000 0.133333 0.000000 
 693 20.500000 0.266667 0.000000 
 694 20.750000 0.266667 0.000000 
 695 21.000000 0.266667 0.000000 
 696 21.250000 0.266667 0.000000 
 697 21.500000 0.266667 0.000000 
 698 21.750000 0.266667 0.000000 
 699 22.000000 0.266667 0.000000 
 700 22.250000 0.266667 0.000000 
 701 22.500000 0.266667 0.000000 
 702 22.750000 0.266667 0.000000 
 703 23.000000 0.266667 0.000000 
 704 23.250000 0.266667 0.000000 
 705 23.500000 0.266667 0.000000 
 706 23.750000 0.266667 0.000000 
 707 24.000000 0.266667 0.000000 
 708 24.250000 0.266667 0.000000 
 709 24.500000 0.266667 0.000000 
 710 24.750000 0.266667 0.000000 
 711 25.000000 0.266667 0.000000 
 712 20.500000 0.400000 0.000000 
 713 20.750000 0.400000 0.000000 
 714 21.000000 0.400000 0.000000 
 715 21.250000 0.400000 0.000000 
 716 21.500000 0.400000 0.000000 
 717 21.750000 0.400000 0.000000 
 718 22.000000 0.400000 0.000000 
 719 22.250000 0.400000 0.000000 
 720 22.500000 0.400000 0.000000 
 721 22.750000 0.400000 0.000000 
 722 23.000000 0.400000 0.000000 
 723 23.250000 0.400000 0.000000 
 724 23.500000 0.400000 0.000000 
 725 23.750000 0.400000 0.000000 
 726 24.000000 0.400000 0.000000 
 727 24.250000 0.400000 0.000000 
 728 24.500000 0.400000 0.000000 
 729 24.750000 0.400000 0.000000 
 730 25.000000 0.400000 0.000000 
 731 20.500000 0.500000 0.000000 
 732 20.750000 0.500000 0.000000 
 733 21.000000 0.500000 0.000000 
 734 21.250000 0.500000 0.000000 
 735 21.500000 0.500000 0.000000 
 736 21.750000 0.500000 0.000000 
 737 22.000000 0.500000 0.000000 
 738 22.250000 0.500000 0.000000 
 739 22.500000 0.500000 0.000000 
 740 22.750000 0.500000 0.000000 
 741 23.000000 0.500000 0.000000 
 742 23.250000 0.500000 0.000000 
 743 23.500000 0.500000 0.000000 
 744 23.750000 0.500000 0.000000 
 745 24.000000 0.500000 0.000000 
 746 24.250000 0.500000 0.000000 
 747 24.500000 0.500000 0.000000 
 748 24.750000 0.500000 0.000000 
 749 25.000000 0.500000 0.000000 
  750	             25              0              0
  751	        25.2619              0              0
  752	        25.5269              0              0
  753	        25.7951              0              0
  754	        26.0665              0              0
  755	        26.3411              0              0
  756	        26.6191              0              0
  757	        26.9004              0              0
  758	        27.1851              0              0
  759	        27.4732              0              0
  760	        27.7647              0              0
  761	        28.0597              0              0
  762	        28.3583              0              0
  763	        28.6605              0              0
  764	        28.9663              0              0
  765	        29.2757              0              0
  766	        29.5889              0              0
  767	        29.9059              0              0
  768	        30.2266              0              0
  769	        30.5512              0              0
  770	        30.8797              0              0
  771	        31.2121              0              0
  772	        31.5485              0              0
  773	        31.8889              0              0
  774	        32.2335              0              0
  775	        32.5821              0              0
  776	         32.935              0              0
  777	        33.2921              0              0
  778	        33.6535              0              0
  779	        34.0192              0              0
  780	        34.3893              0              0
  781	        34.7638              0              0
  782	        35.1428              0              0
  783	        35.5264              0              0
  784	        35.9146              0              0
  785	        36.3074              0              0
  786	         36.705              0              0
  787	        37.1073              0              0
  788	        37.5145              0              0
  789	        37.9265              0              0
  790	        38.3435              0              0
  791	        38.7655              0              0
  792	        39.1926              0              0
  793	        39.6247              0              0
  794	        40.0621              0              0
  795	        40.5047              0              0
  796	        40.9526              0              0
  797	        41.4059              0              0
  798	        41.8647              0              0
  799	        42.3289              0              0
  800	        42.7987              0              0
  801	        43.2742              0              0
  802	        43.7553              0              0
  803	        44.2423              0              0
  804	         44.735              0              0
  805	        45.2337              0              0
  806	        45.7384              0              0
  807	        46.2491              0              0
  808	         46.766              0              0
  809	         47.289              0              0
  810	        47.8184              0              0
  811	        48.3541              0              0
  812	        48.8962              0              0
  813	        49.4448              0              0
  814	             50              0              0
  815	             25       0.133333              0
  816	        25.2619       0.133333              0
  817	        25.5269       0.133333              0
  818	        25.7951       0.133333              0
  819	        26.0665       0.133333              0
  820	        26.3411       0.133333              0
  821	        26.6191       0.133333              0
  822	        26.9004       0.133333              0
  823	        27.1851       0.133333              0
  824	        27.4732       0.133333              0
  825	        27.7647       0.133333              0
  826	        28.0597       0.133333              0
  827	        28.3583       0.133333              0
  828	        28.6605       0.133333              0
  829	        28.9663       0.133333              0
  830	        29.2757       0.133333              0
  831	        29.5889       0.133333              0
  832	        29.9059       0.133333              0
  833	        30.2266       0.133333              0
  834	        30.5512       0.133333              0
  835	        30.8797       0.133333              0
  836	        31.2121       0.133333              0
  837	        31.5485       0.133333              0
  838	        31.8889       0.133333              0
  839	        32.2335       0.133333              0
  840	        32.5821       0.133333              0
  841	         32.935       0.133333              0
  842	        33.2921       0.133333              0
  843	        33.6535       0.133333              0
  844	        34.0192       0.133333              0
  845	        34.3893       0.133333              0
  846	        34.7638       0.133333              0
  847	        35.1428       0.133333              0
  848	        35.5264       0.133333              0
  849	        35.9146       0.133333              0
  850	        36.3074       0.133333              0
  851	         36.705       0.133333              0
  852	        37.1073       0.133333              0
  853	        37.5145       0.133333              0
  854	        37.9265       0.133333              0
  855	        38.3435       0.133333              0
  856	        38.7655       0.133333              0
  857	        39.1926       0.133333              0
  858	        39.6247       0.133333              0
  859	        40.0621       0.133333              0
  860	        40.5047       0.133333              0
  861	        40.9526       0.133333              0
  862	        41.4059       0.133333              0
  863	        41.8647       0.133333              0
  864	        42.3289       0.133333              0
  865	        42.7987       0.133333              0
  866	        43.2742       0.133333              0
  867	        43.7553       0.133333              0
  868	        44.2423       0.133333              0
  869	         44.735       0.133333              0
  870	        45.2337       0.133333              0
  871	        45.7384       0.133333              0
  872	        46.2491       0.133333              0
  873	         46.766       0.133333              0
  874	         47.289       0.133333              0
  875	        47.8184       0.133333              0
  876	        48.3541       0.133333              0
  877	        48.8962       0.133333              0
  878	        49.4448       0.133333              0
  879	             50       0.133333              0
  880	             25       0.266667              0
  881	        25.2619       0.266667              0
  882	        25.5269       0.266667              0
  883	        25.7951       0.266667              0
  884	        26.0665       0.266667              0
  885	        26.3411       0.266667              0
  886	        26.6191       0.266667              0
  887	        26.9004       0.266667              0
  888	        27.1851       0.266667              0
  889	        27.4732       0.266667              0
  890	        27.7647       0.266667              0
  891	        28.0597       0.266667              0
  892	        28.3583       0.266667              0
  893	        28.6605       0.266667              0
  894	        28.9663       0.266667              0
  895	        29.2757       0.266667              0
  896	        29.5889       0.266667              0
  897	        29.9059       0.266667              0
  898	        30.2266       0.266667              0
  899	        30.5512       0.266667              0
  900	        30.8797       0.266667              0
  901	        31.2121       0.266667              0
  902	        31.5485       0.266667              0
  903	        31.8889       0.266667              0
  904	        32.2335       0.266667              0
  905	        32.5821       0.266667              0
  906	         32.935       0.266667              0
  907	        33.2921       0.266667              0
  908	        33.6535       0.266667              0
  909	        34.0192       0.266667              0
  910	        34.3893       0.266667              0
  911	        34.7638       0.266667              0
  912	        35.1428       0.266667              0
  913	        35.5264       0.266667              0
  914	        35.9146       0.266667              0
  915	        36.3074       0.266667              0
  916	         36.705       0.266667              0
  917	        37.1073       0.266667              0
  918	        37.5145       0.266667              0
  919	        37.9265       0.266667              0
  920	        38.3435       0.266667              0
  921	        38.7655       0.266667              0
  922	        39.1926       0.266667              0
  923	        39.6247       0.266667              0
  924	        40.0621       0.266667              0
  925	        40.5047       0.266667              0
  926	        40.9526       0.266667              0
  927	        41.4059       0.266667              0
  928	        41.8647       0.266667              0
  929	        42.3289       0.266667              0
  930	        42.7987       0.266667              0
  931	        43.2742       0.266667              0
  932	        43.7553       0.266667              0
  933	        44.2423       0.266667              0
  934	         44.735       0.266667              0
  935	        45.2337       0.266667              0
  936	        45.7384       0.266667              0
  937	        46.2491       0.266667              0
  938	         46.766       0.266667              0
  939	         47.289       0.266667              0
  940	        47.8184       0.266667              0
  941	        48.3541       0.266667              0
  942	        48.8962       0.266667              0
  943	        49.4448       0.266667              0
  944	             50       0.266667              0
  945	             25            0.4              0
  946	        25.2619            0.4              0
  947	        25.5269            0.4              0
  948	        25.7951            0.4              0
  949	        26.0665            0.4              0
  950	        26.3411            0.4              0
  951	        26.6191            0.4              0
  952	        26.9004            0.4              0
  953	        27.1851            0.4              0
  954	        27.4732            0.4              0
  955	        27.7647            0.4              0
  956	        28.0597            0.4              0
  957	        28.3583            0.4              0
  958	        28.6605            0.4              0
  959	        28.9663            0.4              0
  960	        29.2757            0.4              0
  961	        29.5889            0.4              0
  962	        29.9059            0.4              0
  963	        30.2266            0.4              0
  964	        30.5512            0.4              0
  965	        30.8797            0.4              0
  966	        31.2121            0.4              0
  967	        31.5485            0.4              0
  968	        31.8889            0.4              0
  969	        32.2335            0.4              0
  970	        32.5821            0.4              0
  971	         32.935            0.4              0
  972	        33.2921            0.4              0
  973	        33.6535            0.4              0
  974	        34.0192            0.4              0
  975	        34.3893            0.4              0
  976	        34.7638            0.4              0
  977	        35.1428            0.4              0
  978	        35.5264            0.4              0
  979	        35.9146            0.4              0
  980	        36.3074            0.4              0
  981	         36.705            0.4              0
  982	        37.1073            0.4              0
  983	        37.5145            0.4              0
  984	        37.9265            0.4              0
  985	        38.3435            0.4              0
  986	        38.7655            0.4              0
  987	        39.1926            0.4              0
  988	        39.6247            0.4              0
  989	        40.0621            0.4              0
  990	        40.5047            0.4              0
  991	        40.9526            0.4              0
  992	        41.4059            0.4              0
  993	        41.8647            0.4              0
  994	        42.3289            0.4              0
  995	        42.7987            0.4              0
  996	        43.2742            0.4              0
  997	        43.7553            0.4              0
  998	        44.2423            0.4              0
  999	         44.735            0.4              0
 1000	        45.2337            0.4              0
 1001	        45.7384            0.4              0
 1002	        46.2491            0.4              0
 1003	         46.766            0.4              0
 1004	         47.289            0.4              0
 1005	        47.8184            0.4              0
 1006	        48.3541            0.4              0
 1007	        48.8962            0.4              0
 1008	        49.4448            0.4              0
 1009	             50            0.4              0
 1010	             25            0.5              0
 1011	        25.2619            0.5              0
 1012	        25.5269            0.5              0
 1013	        25.7951            0.5              0
 1014	        26.0665            0.5              0
 1015	        26.3411            0.5              0
 1016	        26.6191            0.5              0
 1017	        26.9004            0.5              0
 1018	        27.1851            0.5              0
 1019	        27.4732            0.5              0
 1020	        27.7647            0.5              0
 1021	        28.0597            0.5              0
 1022	        28.3583            0.5              0
 1023	        28.6605            0.5              0
 1024	        28.9663            0.5              0
 1025	        29.2757            0.5              0
 1026	        29.5889            0.5              0
 1027	        29.9059            0.5              0
 1028	        30.2266            0.5              0
 1029	        30.5512            0.5              0
 1030	        30.8797            0.5              0
 1031	        31.2121            0.5              0
 1032	        31.5485            0.5              0
 1033	        31.8889            0.5              0
 1034	        32.2335            0.5              0
 1035	        32.5821            0.5              0
 1036	         32.935            0.5              0
 1037	        33.2921            0.5              0
 1038	        33.6535            0.5              0
 1039	        34.0192            0.5              0
 1040	        34.3893            0.5              0
 1041	        34.7638            0.5              0
 1042	        35.1428            0.5              0
 1043	        35.5264            0.5              0
 1044	        35.9146            0.5              0
 1045	        36.3074            0.5              0
 1046	         36.705            0.5              0
 1047	        37.1073            0.5              0
 1048	        37.5145            0.5              0
 1049	        37.9265            0.5              0
 1050	        38.3435            0.5              0
 1051	        38.7655            0.5              0
 1052	        39.1926            0.5              0
 1053	        39.6247            0.5              0
 1054	        40.0621            0.5              0
 1055	        40.5047            0.5              0
 1056	        40.9526            0.5              0
 1057	        41.4059            0.5              0
 1058	        41.8647            0.5              0
 1059	        42.3289            0.5              0
 1060	        42.7987            0.5              0
 1061	        43.2742            0.5              0
 1062	        43.7553            0.5              0
 1063	        44.2423            0.5              0
 1064	         44.735            0.5              0
 1065	        45.2337            0.5              0
 1066	        45.7384            0.5              0
 1067	        46.2491            0.5              0
 1068	         46.766            0.5              0
 1069	         47.289            0.5              0
 1070	        47.8184            0.5              0
 1071	        48.3541            0.5              0
 1072	        48.8962            0.5              0
 1073	        49.4448            0.5              0
 1074	             50            0.5              0
</NODES>

<ELEMENTS NUMBER=894>
    1	<Q>    1    2    3    4	</Q>
    2	<Q>    2    5    6    3	</Q>
    3	<Q>    4    3    7    8	</Q>
    4	<Q>    3    6    9    7	</Q>
    5	<Q>    8    7   10   11	</Q>
    6	<Q>    7    9   12   10	</Q>
    7	<Q>   11   10   13   14	</Q>
    8	<Q>   10   12   15   13	</Q>
    9	<Q>   14   13   16   17	</Q>
   10	<Q>   13   15   18   16	</Q>
   11	<Q>    5   19   20    6	</Q>
   12	<Q>    6   20   21    9	</Q>
   13	<Q>    9   21   22   12	</Q>
   14	<Q>   12   22   23   15	</Q>
   15	<Q>   15   23   24   25	</Q>
   16	<Q>   15   25   26   18	</Q>
   17	<Q>   25   24   27   26	</Q>
   18	<Q>   26   27   28   18	</Q>
   19	<Q>   19   29   30   20	</Q>
   20	<Q>   29   31   32   30	</Q>
   21	<Q>   31   33   34   32	</Q>
   22	<Q>   33   35   36   34	</Q>
   23	<Q>   35   37   38   36	</Q>
   24	<Q>   37   39   40   38	</Q>
   25	<Q>   39   41   42   40	</Q>
   26	<Q>   41   43   44   42	</Q>
   27	<Q>   43   45   46   44	</Q>
   28	<Q>   45   47   48   46	</Q>
   29	<Q>   47   49   50   48	</Q>
   30	<Q>   49   51   52   50	</Q>
   31	<Q>   51   53   54   52	</Q>
   32	<Q>   53   55   56   54	</Q>
   33	<Q>   55   57   58   56	</Q>
   34	<Q>   57   59   60   58	</Q>
   35	<Q>   59   61   62   60	</Q>
   36	<Q>   61   63   64   62	</Q>
   37	<Q>   63   65   66   64	</Q>
   38	<Q>   65   67   68   66	</Q>
   39	<Q>   67   69   70   68	</Q>
   40	<Q>   69   71   72   70	</Q>
   41	<Q>   71   73   74   72	</Q>
   42	<Q>   73   75   76   74	</Q>
   43	<Q>   75   77   78   76	</Q>
   44	<Q>   77   79   80   78	</Q>
   45	<Q>   79   81   82   80	</Q>
   46	<Q>   81   83   84   82	</Q>
   47	<Q>   83   85   86   84	</Q>
   48	<Q>   85   87   88   86	</Q>
   49	<Q>   87   89   90   88	</Q>
   50	<Q>   89   91   92   90	</Q>
   51	<Q>   91   93   94   92	</Q>
   52	<Q>   93   95   96   94	</Q>
   53	<Q>   95   97   98   96	</Q>
   54	<Q>   97   99  100   98	</Q>
   55	<Q>   99  101  102  100	</Q>
   56	<Q>  101  103  104  102	</Q>
   57	<Q>  103  105  106  104	</Q>
   58	<Q>  105  107  108  106	</Q>
   59	<Q>  107  109  110  108	</Q>
   60	<Q>  109  111  112  110	</Q>
   61	<Q>  111  113  114  112	</Q>
   62	<Q>  113  115  116  114	</Q>
   63	<Q>  115  117  118  116	</Q>
   64	<Q>  117  119  120  118	</Q>
   65	<Q>  119  121  122  120	</Q>
   66	<Q>  121  123  124  122	</Q>
   67	<Q>  123  125  126  124	</Q>
   68	<Q>  125  127  128  126	</Q>
   69	<Q>  127  129  130  128	</Q>
   70	<Q>   20   30  131   21	</Q>
   71	<Q>   30   32  132  131	</Q>
   72	<Q>   32   34  133  132	</Q>
   73	<Q>   34   36  134  133	</Q>
   74	<Q>   36   38  135  134	</Q>
   75	<Q>   38   40  136  135	</Q>
   76	<Q>   40   42  137  136	</Q>
   77	<Q>   42   44  138  137	</Q>
   78	<Q>   44   46  139  138	</Q>
   79	<Q>   46   48  140  139	</Q>
   80	<Q>   48   50  141  140	</Q>
   81	<Q>   50   52  142  141	</Q>
   82	<Q>   52   54  143  142	</Q>
   83	<Q>   54   56  144  143	</Q>
   84	<Q>   56   58  145  144	</Q>
   85	<Q>   58   60  146  145	</Q>
   86	<Q>   60   62  147  146	</Q>
   87	<Q>   62   64  148  147	</Q>
   88	<Q>   64   66  149  148	</Q>
   89	<Q>   66   68  150  149	</Q>
   90	<Q>   68   70  151  150	</Q>
   91	<Q>   70   72  152  151	</Q>
   92	<Q>   72   74  153  152	</Q>
   93	<Q>   74   76  154  153	</Q>
   94	<Q>   76   78  155  154	</Q>
   95	<Q>   78   80  156  155	</Q>
   96	<Q>   80   82  157  156	</Q>
   97	<Q>   82   84  158  157	</Q>
   98	<Q>   84   86  159  158	</Q>
   99	<Q>   86   88  160  159	</Q>
  100	<Q>   88   90  161  160	</Q>
  101	<Q>   90   92  162  161	</Q>
  102	<Q>   92   94  163  162	</Q>
  103	<Q>   94   96  164  163	</Q>
  104	<Q>   96   98  165  164	</Q>
  105	<Q>   98  100  166  165	</Q>
  106	<Q>  100  102  167  166	</Q>
  107	<Q>  102  104  168  167	</Q>
  108	<Q>  104  106  169  168	</Q>
  109	<Q>  106  108  170  169	</Q>
  110	<Q>  108  110  171  170	</Q>
  111	<Q>  110  112  172  171	</Q>
  112	<Q>  112  114  173  172	</Q>
  113	<Q>  114  116  174  173	</Q>
  114	<Q>  116  118  175  174	</Q>
  115	<Q>  118  120  176  175	</Q>
  116	<Q>  120  122  177  176	</Q>
  117	<Q>  122  124  178  177	</Q>
  118	<Q>  124  126  179  178	</Q>
  119	<Q>  126  128  180  179	</Q>
  120	<Q>  128  130  181  180	</Q>
  121	<Q>   21  131  182   22	</Q>
  122	<Q>  131  132  183  182	</Q>
  123	<Q>  132  133  184  183	</Q>
  124	<Q>  133  134  185  184	</Q>
  125	<Q>  134  135  186  185	</Q>
  126	<Q>  135  136  187  186	</Q>
  127	<Q>  136  137  188  187	</Q>
  128	<Q>  137  138  189  188	</Q>
  129	<Q>  138  139  190  189	</Q>
  130	<Q>  139  140  191  190	</Q>
  131	<Q>  140  141  192  191	</Q>
  132	<Q>  141  142  193  192	</Q>
  133	<Q>  142  143  194  193	</Q>
  134	<Q>  143  144  195  194	</Q>
  135	<Q>  144  145  196  195	</Q>
  136	<Q>  145  146  197  196	</Q>
  137	<Q>  146  147  198  197	</Q>
  138	<Q>  147  148  199  198	</Q>
  139	<Q>  148  149  200  199	</Q>
  140	<Q>  149  150  201  200	</Q>
  141	<Q>  150  151  202  201	</Q>
  142	<Q>  151  152  203  202	</Q>
  143	<Q>  152  153  204  203	</Q>
  144	<Q>  153  154  205  204	</Q>
  145	<Q>  154  155  206  205	</Q>
  146	<Q>  155  156  207  206	</Q>
  147	<Q>  156  157  208  207	</Q>
  148	<Q>  157  158  209  208	</Q>
  149	<Q>  158  159  210  209	</Q>
  150	<Q>  159  160  211  210	</Q>
  151	<Q>  160  161  212  211	</Q>
  152	<Q>  161  162  213  212	</Q>
  153	<Q>  162  163  214  213	</Q>
  154	<Q>  163  164  215  214	</Q>
  155	<Q>  164  165  216  215	</Q>
  156	<Q>  165  166  217  216	</Q>
  157	<Q>  166  167  218  217	</Q>
  158	<Q>  167  168  219  218	</Q>
  159	<Q>  168  169  220  219	</Q>
  160	<Q>  169  170  221  220	</Q>
  161	<Q>  170  171  222  221	</Q>
  162	<Q>  171  172  223  222	</Q>
  163	<Q>  172  173  224  223	</Q>
  164	<Q>  173  174  225  224	</Q>
  165	<Q>  174  175  226  225	</Q>
  166	<Q>  175  176  227  226	</Q>
  167	<Q>  176  177  228  227	</Q>
  168	<Q>  177  178  229  228	</Q>
  169	<Q>  178  179  230  229	</Q>
  170	<Q>  179  180  231  230	</Q>
  171	<Q>  180  181  232  231	</Q>
  172	<Q>   22  182  233   23	</Q>
  173	<Q>  182  183  234  233	</Q>
  174	<Q>  183  184  235  234	</Q>
  175	<Q>  184  185  236  235	</Q>
  176	<Q>  185  186  237  236	</Q>
  177	<Q>  186  187  238  237	</Q>
  178	<Q>  187  188  239  238	</Q>
  179	<Q>  188  189  240  239	</Q>
  180	<Q>  189  190  241  240	</Q>
  181	<Q>  190  191  242  241	</Q>
  182	<Q>  191  192  243  242	</Q>
  183	<Q>  192  193  244  243	</Q>
  184	<Q>  193  194  245  244	</Q>
  185	<Q>  194  195  246  245	</Q>
  186	<Q>  195  196  247  246	</Q>
  187	<Q>  196  197  248  247	</Q>
  188	<Q>  197  198  249  248	</Q>
  189	<Q>  198  199  250  249	</Q>
  190	<Q>  199  200  251  250	</Q>
  191	<Q>  200  201  252  251	</Q>
  192	<Q>  201  202  253  252	</Q>
  193	<Q>  202  203  254  253	</Q>
  194	<Q>  203  204  255  254	</Q>
  195	<Q>  204  205  256  255	</Q>
  196	<Q>  205  206  257  256	</Q>
  197	<Q>  206  207  258  257	</Q>
  198	<Q>  207  208  259  258	</Q>
  199	<Q>  208  209  260  259	</Q>
  200	<Q>  209  210  261  260	</Q>
  201	<Q>  210  211  262  261	</Q>
  202	<Q>  211  212  263  262	</Q>
  203	<Q>  212  213  264  263	</Q>
  204	<Q>  213  214  265  264	</Q>
  205	<Q>  214  215  266  265	</Q>
  206	<Q>  215  216  267  266	</Q>
  207	<Q>  216  217  268  267	</Q>
  208	<Q>  217  218  269  268	</Q>
  209	<Q>  218  219  270  269	</Q>
  210	<Q>  219  220  271  270	</Q>
  211	<Q>  220  221  272  271	</Q>
  212	<Q>  221  222  273  272	</Q>
  213	<Q>  222  223  274  273	</Q>
  214	<Q>  223  224  275  274	</Q>
  215	<Q>  224  225  276  275	</Q>
  216	<Q>  225  226  277  276	</Q>
  217	<Q>  226  227  278  277	</Q>
  218	<Q>  227  228  279  278	</Q>
  219	<Q>  228  229  280  279	</Q>
  220	<Q>  229  230  281  280	</Q>
  221	<Q>  230  231  282  281	</Q>
  222	<Q>  231  232  283  282	</Q>
  223	<Q>   23  233  284   24	</Q>
  224	<Q>  233  234  285  284	</Q>
  225	<Q>  234  235  286  285	</Q>
  226	<Q>  235  236  287  286	</Q>
  227	<Q>  236  237  288  287	</Q>
  228	<Q>  237  238  289  288	</Q>
  229	<Q>  238  239  290  289	</Q>
  230	<Q>  239  240  291  290	</Q>
  231	<Q>  240  241  292  291	</Q>
  232	<Q>  241  242  293  292	</Q>
  233	<Q>  242  243  294  293	</Q>
  234	<Q>  243  244  295  294	</Q>
  235	<Q>  244  245  296  295	</Q>
  236	<Q>  245  246  297  296	</Q>
  237	<Q>  246  247  298  297	</Q>
  238	<Q>  247  248  299  298	</Q>
  239	<Q>  248  249  300  299	</Q>
  240	<Q>  249  250  301  300	</Q>
  241	<Q>  250  251  302  301	</Q>
  242	<Q>  251  252  303  302	</Q>
  243	<Q>  252  253  304  303	</Q>
  244	<Q>  253  254  305  304	</Q>
  245	<Q>  254  255  306  305	</Q>
  246	<Q>  255  256  307  306	</Q>
  247	<Q>  256  257  308  307	</Q>
  248	<Q>  257  258  309  308	</Q>
  249	<Q>  258  259  310  309	</Q>
  250	<Q>  259  260  311  310	</Q>
  251	<Q>  260  261  312  311	</Q>
  252	<Q>  261  262  313  312	</Q>
  253	<Q>  262  263  314  313	</Q>
  254	<Q>  263  264  315  314	</Q>
  255	<Q>  264  265  316  315	</Q>
  256	<Q>  265  266  317  316	</Q>
  257	<Q>  266  267  318  317	</Q>
  258	<Q>  267  268  319  318	</Q>
  259	<Q>  268  269  320  319	</Q>
  260	<Q>  269  270  321  320	</Q>
  261	<Q>  270  271  322  321	</Q>
  262	<Q>  271  272  323  322	</Q>
  263	<Q>  272  273  324  323	</Q>
  264	<Q>  273  274  325  324	</Q>
  265	<Q>  274  275  326  325	</Q>
  266	<Q>  275  276  327  326	</Q>
  267	<Q>  276  277  328  327	</Q>
  268	<Q>  277  278  329  328	</Q>
  269	<Q>  278  279  330  329	</Q>
  270	<Q>  279  280  331  330	</Q>
  271	<Q>  280  281  332  331	</Q>
  272	<Q>  281  282  333  332	</Q>
  273	<Q>  282  283  334  333	</Q>
  274	<Q>   24  284  335   27	</Q>
  275	<Q>  284  285  336  335	</Q>
  276	<Q>  285  286  337  336	</Q>
  277	<Q>  286  287  338  337	</Q>
  278	<Q>  287  288  339  338	</Q>
  279	<Q>  288  289  340  339	</Q>
  280	<Q>  289  290  341  340	</Q>
  281	<Q>  290  291  342  341	</Q>
  282	<Q>  291  292  343  342	</Q>
  283	<Q>  292  293  344  343	</Q>
  284	<Q>  293  294  345  344	</Q>
  285	<Q>  294  295  346  345	</Q>
  286	<Q>  295  296  347  346	</Q>
  287	<Q>  296  297  348  347	</Q>
  288	<Q>  297  298  349  348	</Q>
  289	<Q>  298  299  350  349	</Q>
  290	<Q>  299  300  351  350	</Q>
  291	<Q>  300  301  352  351	</Q>
  292	<Q>  301  302  353  352	</Q>
  293	<Q>  302  303  354  353	</Q>
  294	<Q>  303  304  355  354	</Q>
  295	<Q>  304  305  356  355	</Q>
  296	<Q>  305  306  357  356	</Q>
  297	<Q>  306  307  358  357	</Q>
  298	<Q>  307  308  359  358	</Q>
  299	<Q>  308  309  360  359	</Q>
  300	<Q>  309  310  361  360	</Q>
  301	<Q>  310  311  362  361	</Q>
  302	<Q>  311  312  363  362	</Q>
  303	<Q>  312  313  364  363	</Q>
  304	<Q>  313  314  365  364	</Q>
  305	<Q>  314  315  366  365	</Q>
  306	<Q>  315  316  367  366	</Q>
  307	<Q>  316  317  368  367	</Q>
  308	<Q>  317  318  369  368	</Q>
  309	<Q>  318  319  370  369	</Q>
  310	<Q>  319  320  371  370	</Q>
  311	<Q>  320  321  372  371	</Q>
  312	<Q>  321  322  373  372	</Q>
  313	<Q>  322  323  374  373	</Q>
  314	<Q>  323  324  375  374	</Q>
  315	<Q>  324  325  376  375	</Q>
  316	<Q>  325  326  377  376	</Q>
  317	<Q>  326  327  378  377	</Q>
  318	<Q>  327  328  379  378	</Q>
  319	<Q>  328  329  380  379	</Q>
  320	<Q>  329  330  381  380	</Q>
  321	<Q>  330  331  382  381	</Q>
  322	<Q>  331  332  383  382	</Q>
  323	<Q>  332  333  384  383	</Q>
  324	<Q>  333  334  385  384	</Q>
  325	<Q>   27  335  386   28	</Q>
  326	<Q>  335  336  387  386	</Q>
  327	<Q>  336  337  388  387	</Q>
  328	<Q>  337  338  389  388	</Q>
  329	<Q>  338  339  390  389	</Q>
  330	<Q>  339  340  391  390	</Q>
  331	<Q>  340  341  392  391	</Q>
  332	<Q>  341  342  393  392	</Q>
  333	<Q>  342  343  394  393	</Q>
  334	<Q>  343  344  395  394	</Q>
  335	<Q>  344  345  396  395	</Q>
  336	<Q>  345  346  397  396	</Q>
  337	<Q>  346  347  398  397	</Q>
  338	<Q>  347  348  399  398	</Q>
  339	<Q>  348  349  400  399	</Q>
  340	<Q>  349  350  401  400	</Q>
  341	<Q>  350  351  402  401	</Q>
  342	<Q>  351  352  403  402	</Q>
  343	<Q>  352  353  404  403	</Q>
  344	<Q>  353  354  405  404	</Q>
  345	<Q>  354  355  406  405	</Q>
  346	<Q>  355  356  407  406	</Q>
  347	<Q>  356  357  408  407	</Q>
  348	<Q>  357  358  409  408	</Q>
  349	<Q>  358  359  410  409	</Q>
  350	<Q>  359  360  411  410	</Q>
  351	<Q>  360  361  412  411	</Q>
  352	<Q>  361  362  413  412	</Q>
  353	<Q>  362  363  414  413	</Q>
  354	<Q>  363  364  415  414	</Q>
  355	<Q>  364  365  416  415	</Q>
  356	<Q>  365  366  417  416	</Q>
  357	<Q>  366  367  418  417	</Q>
  358	<Q>  367  368  419  418	</Q>
  359	<Q>  368  369  420  419	</Q>
  360	<Q>  369  370  421  420	</Q>
  361	<Q>  370  371  422  421	</Q>
  362	<Q>  371  372  423  422	</Q>
  363	<Q>  372  373  424  423	</Q>
  364	<Q>  373  374  425  424	</Q>
  365	<Q>  374  375  426  425	</Q>
  366	<Q>  375  376  427  426	</Q>
  367	<Q>  376  377  428  427	</Q>
  368	<Q>  377  378  429  428	</Q>
  369	<Q>  378  379  430  429	</Q>
  370	<Q>  379  380  431  430	</Q>
  371	<Q>  380  381  432  431	</Q>
  372	<Q>  381  382  433  432	</Q>
  373	<Q>  382  383  434  433	</Q>
  374	<Q>  383  384  435  434	</Q>
  375	<Q>  384  385  436  435	</Q>
  376	<Q>  129  437  438  130	</Q>
  377	<Q>  437  439  440  438	</Q>
  378	<Q>  130  438  441  181	</Q>
  379	<Q>  438  440  442  441	</Q>
  380	<Q>  181  441  443  232	</Q>
  381	<Q>  441  442  444  443	</Q>
  382	<Q>  232  443  445  283	</Q>
  383	<Q>  443  444  446  445	</Q>
  384	<Q>  283  445  447  334	</Q>
  385	<Q>  445  446  448  447	</Q>
  386	<Q>  334  447  449  385	</Q>
  387	<Q>  447  448  450  449	</Q>
  388	<Q>  385  449  450  436	</Q>
  389	<Q>  439  451  452  440	</Q>
  390	<Q>  451  453  454  452	</Q>
  391	<Q>  453  455  456  454	</Q>
  392	<Q>  455  457  458  456	</Q>
  393	<Q>  457  459  460  458	</Q>
  394	<Q>  459  461  462  460	</Q>
  395	<Q>  461  463  464  462	</Q>
  396	<Q>  463  465  466  464	</Q>
  397	<Q>  465  467  468  466	</Q>
  398	<Q>  467  469  470  468	</Q>
  399	<Q>  469  471  472  470	</Q>
  400	<Q>  471  473  474  472	</Q>
  401	<Q>  473  475  476  474	</Q>
  402	<Q>  475  477  478  476	</Q>
  403	<Q>  440  452  479  442	</Q>
  404	<Q>  452  454  480  479	</Q>
  405	<Q>  454  456  481  480	</Q>
  406	<Q>  456  458  482  481	</Q>
  407	<Q>  458  460  483  482	</Q>
  408	<Q>  460  462  484  483	</Q>
  409	<Q>  462  464  485  484	</Q>
  410	<Q>  464  466  486  485	</Q>
  411	<Q>  466  468  487  486	</Q>
  412	<Q>  468  470  488  487	</Q>
  413	<Q>  470  472  489  488	</Q>
  414	<Q>  472  474  490  489	</Q>
  415	<Q>  474  476  491  490	</Q>
  416	<Q>  476  478  492  491	</Q>
  417	<Q>  442  479  493  444	</Q>
  418	<Q>  479  480  494  493	</Q>
  419	<Q>  480  481  495  494	</Q>
  420	<Q>  481  482  496  495	</Q>
  421	<Q>  482  483  497  496	</Q>
  422	<Q>  483  484  498  497	</Q>
  423	<Q>  484  485  499  498	</Q>
  424	<Q>  485  486  500  499	</Q>
  425	<Q>  486  487  501  500	</Q>
  426	<Q>  487  488  502  501	</Q>
  427	<Q>  488  489  503  502	</Q>
  428	<Q>  489  490  504  503	</Q>
  429	<Q>  490  491  505  504	</Q>
  430	<Q>  491  492  506  505	</Q>
  431	<Q>  444  493  507  446	</Q>
  432	<Q>  493  494  508  507	</Q>
  433	<Q>  494  495  509  508	</Q>
  434	<Q>  495  496  510  509	</Q>
  435	<Q>  496  497  511  510	</Q>
  436	<Q>  497  498  512  511	</Q>
  437	<Q>  498  499  513  512	</Q>
  438	<Q>  499  500  514  513	</Q>
  439	<Q>  500  501  515  514	</Q>
  440	<Q>  501  502  516  515	</Q>
  441	<Q>  502  503  517  516	</Q>
  442	<Q>  503  504  518  517	</Q>
  443	<Q>  504  505  519  518	</Q>
  444	<Q>  505  506  520  519	</Q>
  445	<Q>  446  507  521  448	</Q>
  446	<Q>  507  508  522  521	</Q>
  447	<Q>  508  509  523  522	</Q>
  448	<Q>  509  510  524  523	</Q>
  449	<Q>  510  511  525  524	</Q>
  450	<Q>  511  512  526  525	</Q>
  451	<Q>  512  513  527  526	</Q>
  452	<Q>  513  514  528  527	</Q>
  453	<Q>  514  515  529  528	</Q>
  454	<Q>  515  516  530  529	</Q>
  455	<Q>  516  517  531  530	</Q>
  456	<Q>  517  518  532  531	</Q>
  457	<Q>  518  519  533  532	</Q>
  458	<Q>  519  520  534  533	</Q>
  459	<Q>  448  521  535  450	</Q>
  460	<Q>  521  522  536  535	</Q>
  461	<Q>  522  523  537  536	</Q>
  462	<Q>  523  524  538  537	</Q>
  463	<Q>  524  525  539  538	</Q>
  464	<Q>  525  526  540  539	</Q>
  465	<Q>  526  527  541  540	</Q>
  466	<Q>  527  528  542  541	</Q>
  467	<Q>  528  529  543  542	</Q>
  468	<Q>  529  530  544  543	</Q>
  469	<Q>  530  531  545  544	</Q>
  470	<Q>  531  532  546  545	</Q>
  471	<Q>  532  533  547  546	</Q>
  472	<Q>  533  534  548  547	</Q>
  473	<Q>  477  549  550  478	</Q>
  474	<Q>  549  551  552  550	</Q>
  475	<Q>  478  550  553  492	</Q>
  476	<Q>  550  552  554  553	</Q>
  477	<Q>  492  553  555  506	</Q>
  478	<Q>  553  554  556  555	</Q>
  479	<Q>  506  555  557  520	</Q>
  480	<Q>  555  556  558  557	</Q>
  481	<Q>  534  559  560  548	</Q>
  482	<Q>  557  558  560  559	</Q>
  483	<Q>  520  557  559  534	</Q>
  484	<Q>  551  561  562  552	</Q>
  485	<Q>  561  563  564  562	</Q>
  486	<Q>  563  565  566  564	</Q>
  487	<Q>  565  567  568  566	</Q>
  488	<Q>  567  569  570  568	</Q>
  489	<Q>  569  571  572  570	</Q>
  490	<Q>  571  573  574  572	</Q>
  491	<Q>  573  575  576  574	</Q>
  492	<Q>  575  577  578  576	</Q>
  493	<Q>  577  579  580  578	</Q>
  494	<Q>  579  581  582  580	</Q>
  495	<Q>  581  583  584  582	</Q>
  496	<Q>  583  585  586  584	</Q>
  497	<Q>  585  587  588  586	</Q>
  498	<Q>  552  562  589  554	</Q>
  499	<Q>  562  564  590  589	</Q>
  500	<Q>  564  566  591  590	</Q>
  501	<Q>  566  568  592  591	</Q>
  502	<Q>  568  570  593  592	</Q>
  503	<Q>  570  572  594  593	</Q>
  504	<Q>  572  574  595  594	</Q>
  505	<Q>  574  576  596  595	</Q>
  506	<Q>  576  578  597  596	</Q>
  507	<Q>  578  580  598  597	</Q>
  508	<Q>  580  582  599  598	</Q>
  509	<Q>  582  584  600  599	</Q>
  510	<Q>  584  586  601  600	</Q>
  511	<Q>  586  588  602  601	</Q>
  512	<Q>  554  589  603  556	</Q>
  513	<Q>  589  590  604  603	</Q>
  514	<Q>  590  591  605  604	</Q>
  515	<Q>  591  592  606  605	</Q>
  516	<Q>  592  593  607  606	</Q>
  517	<Q>  593  594  608  607	</Q>
  518	<Q>  594  595  609  608	</Q>
  519	<Q>  595  596  610  609	</Q>
  520	<Q>  596  597  611  610	</Q>
  521	<Q>  597  598  612  611	</Q>
  522	<Q>  598  599  613  612	</Q>
  523	<Q>  599  600  614  613	</Q>
  524	<Q>  600  601  615  614	</Q>
  525	<Q>  601  602  616  615	</Q>
  526	<Q>  556  603  617  558	</Q>
  527	<Q>  603  604  618  617	</Q>
  528	<Q>  604  605  619  618	</Q>
  529	<Q>  605  606  620  619	</Q>
  530	<Q>  606  607  621  620	</Q>
  531	<Q>  607  608  622  621	</Q>
  532	<Q>  608  609  623  622	</Q>
  533	<Q>  609  610  624  623	</Q>
  534	<Q>  610  611  625  624	</Q>
  535	<Q>  611  612  626  625	</Q>
  536	<Q>  612  613  627  626	</Q>
  537	<Q>  613  614  628  627	</Q>
  538	<Q>  614  615  629  628	</Q>
  539	<Q>  615  616  630  629	</Q>
  540	<Q>  558  617  631  560	</Q>
  541	<Q>  617  618  632  631	</Q>
  542	<Q>  618  619  633  632	</Q>
  543	<Q>  619  620  634  633	</Q>
  544	<Q>  620  621  635  634	</Q>
  545	<Q>  621  622  636  635	</Q>
  546	<Q>  622  623  637  636	</Q>
  547	<Q>  623  624  638  637	</Q>
  548	<Q>  624  625  639  638	</Q>
  549	<Q>  625  626  640  639	</Q>
  550	<Q>  626  627  641  640	</Q>
  551	<Q>  627  628  642  641	</Q>
  552	<Q>  628  629  643  642	</Q>
  553	<Q>  629  630  644  643	</Q>
  554	<Q>  616  645  646  630	</Q>
  555	<Q>  645  647  648  646	</Q>
  556	<Q>  602  649  645  616	</Q>
  557	<Q>  649  650  647  645	</Q>
  558	<Q>  588  651  649  602	</Q>
  559	<Q>  651  652  650  649	</Q>
  560	<Q>  587  652  651  588	</Q>
  561	<Q>  630  646  653  644	</Q>
  562	<Q>  646  648  654  653	</Q>
  563	<Q>  652  655  656  650	</Q>
  564	<Q>  655  657  658  656	</Q>
  565	<Q>  657  659  660  658	</Q>
  566	<Q>  659  661  662  660	</Q>
  567	<Q>  661  663  664  662	</Q>
  568	<Q>  663  665  666  664	</Q>
  569	<Q>  665  667  668  666	</Q>
  570	<Q>  667  669  670  668	</Q>
  571	<Q>  669  671  672  670	</Q>
  572	<Q>  671  673  674  672	</Q>
  573	<Q>  673  675  676  674	</Q>
  574	<Q>  675  677  678  676	</Q>
  575	<Q>  677  679  680  678	</Q>
  576	<Q>  679  681  682  680	</Q>
  577	<Q>  681  683  684  682	</Q>
  578	<Q>  683  685  686  684	</Q>
  579	<Q>  685  687  688  686	</Q>
  580	<Q>  687  689  690  688	</Q>
  581	<Q>  689  691  692  690	</Q>
  582	<Q>  650  656  693  647	</Q>
  583	<Q>  656  658  694  693	</Q>
  584	<Q>  658  660  695  694	</Q>
  585	<Q>  660  662  696  695	</Q>
  586	<Q>  662  664  697  696	</Q>
  587	<Q>  664  666  698  697	</Q>
  588	<Q>  666  668  699  698	</Q>
  589	<Q>  668  670  700  699	</Q>
  590	<Q>  670  672  701  700	</Q>
  591	<Q>  672  674  702  701	</Q>
  592	<Q>  674  676  703  702	</Q>
  593	<Q>  676  678  704  703	</Q>
  594	<Q>  678  680  705  704	</Q>
  595	<Q>  680  682  706  705	</Q>
  596	<Q>  682  684  707  706	</Q>
  597	<Q>  684  686  708  707	</Q>
  598	<Q>  686  688  709  708	</Q>
  599	<Q>  688  690  710  709	</Q>
  600	<Q>  690  692  711  710	</Q>
  601	<Q>  647  693  712  648	</Q>
  602	<Q>  693  694  713  712	</Q>
  603	<Q>  694  695  714  713	</Q>
  604	<Q>  695  696  715  714	</Q>
  605	<Q>  696  697  716  715	</Q>
  606	<Q>  697  698  717  716	</Q>
  607	<Q>  698  699  718  717	</Q>
  608	<Q>  699  700  719  718	</Q>
  609	<Q>  700  701  720  719	</Q>
  610	<Q>  701  702  721  720	</Q>
  611	<Q>  702  703  722  721	</Q>
  612	<Q>  703  704  723  722	</Q>
  613	<Q>  704  705  724  723	</Q>
  614	<Q>  705  706  725  724	</Q>
  615	<Q>  706  707  726  725	</Q>
  616	<Q>  707  708  727  726	</Q>
  617	<Q>  708  709  728  727	</Q>
  618	<Q>  709  710  729  728	</Q>
  619	<Q>  710  711  730  729	</Q>
  620	<Q>  648  712  731  654	</Q>
  621	<Q>  712  713  732  731	</Q>
  622	<Q>  713  714  733  732	</Q>
  623	<Q>  714  715  734  733	</Q>
  624	<Q>  715  716  735  734	</Q>
  625	<Q>  716  717  736  735	</Q>
  626	<Q>  717  718  737  736	</Q>
  627	<Q>  718  719  738  737	</Q>
  628	<Q>  719  720  739  738	</Q>
  629	<Q>  720  721  740  739	</Q>
  630	<Q>  721  722  741  740	</Q>
  631	<Q>  722  723  742  741	</Q>
  632	<Q>  723  724  743  742	</Q>
  633	<Q>  724  725  744  743	</Q>
  634	<Q>  725  726  745  744	</Q>
  635	<Q>  726  727  746  745	</Q>
  636	<Q>  727  728  747  746	</Q>
  637	<Q>  728  729  748  747	</Q>
  638	<Q>  729  730  749  748	</Q>

  639	<Q>  691  751  816  692    </Q>
  640	<Q>  751  752  817  816    </Q>
  641	<Q>  752  753  818  817    </Q>
  642	<Q>  753  754  819  818    </Q>
  643	<Q>  754  755  820  819    </Q>
  644	<Q>  755  756  821  820    </Q>
  645	<Q>  756  757  822  821    </Q>
  646	<Q>  757  758  823  822    </Q>
  647	<Q>  758  759  824  823    </Q>
  648	<Q>  759  760  825  824    </Q>
  649	<Q>  760  761  826  825    </Q>
  650	<Q>  761  762  827  826    </Q>
  651	<Q>  762  763  828  827    </Q>
  652	<Q>  763  764  829  828    </Q>
  653	<Q>  764  765  830  829    </Q>
  654	<Q>  765  766  831  830    </Q>
  655	<Q>  766  767  832  831    </Q>
  656	<Q>  767  768  833  832    </Q>
  657	<Q>  768  769  834  833    </Q>
  658	<Q>  769  770  835  834    </Q>
  659	<Q>  770  771  836  835    </Q>
  660	<Q>  771  772  837  836    </Q>
  661	<Q>  772  773  838  837    </Q>
  662	<Q>  773  774  839  838    </Q>
  663	<Q>  774  775  840  839    </Q>
  664	<Q>  775  776  841  840    </Q>
  665	<Q>  776  777  842  841    </Q>
  666	<Q>  777  778  843  842    </Q>
  667	<Q>  778  779  844  843    </Q>
  668	<Q>  779  780  845  844    </Q>
  669	<Q>  780  781  846  845    </Q>
  670	<Q>  781  782  847  846    </Q>
  671	<Q>  782  783  848  847    </Q>
  672	<Q>  783  784  849  848    </Q>
  673	<Q>  784  785  850  849    </Q>
  674	<Q>  785  786  851  850    </Q>
  675	<Q>  786  787  852  851    </Q>
  676	<Q>  787  788  853  852    </Q>
  677	<Q>  788  789  854  853    </Q>
  678	<Q>  789  790  855  854    </Q>
  679	<Q>  790  791  856  855    </Q>
  680	<Q>  791  792  857  856    </Q>
  681	<Q>  792  793  858  857    </Q>
  682	<Q>  793  794  859  858    </Q>
  683	<Q>  794  795  860  859    </Q>
  684	<Q>  795  796  861  860    </Q>
  685	<Q>  796  797  862  861    </Q>
  686	<Q>  797  798  863  862    </Q>
  687	<Q>  798  799  864  863    </Q>
  688	<Q>  799  800  865  864    </Q>
  689	<Q>  800  801  866  865    </Q>
  690	<Q>  801  802  867  866    </Q>
  691	<Q>  802  803  868  867    </Q>
  692	<Q>  803  804  869  868    </Q>
  693	<Q>  804  805  870  869    </Q>
  694	<Q>  805  806  871  870    </Q>
  695	<Q>  806  807  872  871    </Q>
  696	<Q>  807  808  873  872    </Q>
  697	<Q>  808  809  874  873    </Q>
  698	<Q>  809  810  875  874    </Q>
  699	<Q>  810  811  876  875    </Q>
  700	<Q>  811  812  877  876    </Q>
  701	<Q>  812  813  878  877    </Q>
  702	<Q>  813  814  879  878    </Q>
  703	<Q>  692  816  881  711    </Q>
  704	<Q>  816  817  882  881    </Q>
  705	<Q>  817  818  883  882    </Q>
  706	<Q>  818  819  884  883    </Q>
  707	<Q>  819  820  885  884    </Q>
  708	<Q>  820  821  886  885    </Q>
  709	<Q>  821  822  887  886    </Q>
  710	<Q>  822  823  888  887    </Q>
  711	<Q>  823  824  889  888    </Q>
  712	<Q>  824  825  890  889    </Q>
  713	<Q>  825  826  891  890    </Q>
  714	<Q>  826  827  892  891    </Q>
  715	<Q>  827  828  893  892    </Q>
  716	<Q>  828  829  894  893    </Q>
  717	<Q>  829  830  895  894    </Q>
  718	<Q>  830  831  896  895    </Q>
  719	<Q>  831  832  897  896    </Q>
  720	<Q>  832  833  898  897    </Q>
  721	<Q>  833  834  899  898    </Q>
  722	<Q>  834  835  900  899    </Q>
  723	<Q>  835  836  901  900    </Q>
  724	<Q>  836  837  902  901    </Q>
  725	<Q>  837  838  903  902    </Q>
  726	<Q>  838  839  904  903    </Q>
  727	<Q>  839  840  905  904    </Q>
  728	<Q>  840  841  906  905    </Q>
  729	<Q>  841  842  907  906    </Q>
  730	<Q>  842  843  908  907    </Q>
  731	<Q>  843  844  909  908    </Q>
  732	<Q>  844  845  910  909    </Q>
  733	<Q>  845  846  911  910    </Q>
  734	<Q>  846  847  912  911    </Q>
  735	<Q>  847  848  913  912    </Q>
  736	<Q>  848  849  914  913    </Q>
  737	<Q>  849  850  915  914    </Q>
  738	<Q>  850  851  916  915    </Q>
  739	<Q>  851  852  917  916    </Q>
  740	<Q>  852  853  918  917    </Q>
  741	<Q>  853  854  919  918    </Q>
  742	<Q>  854  855  920  919    </Q>
  743	<Q>  855  856  921  920    </Q>
  744	<Q>  856  857  922  921    </Q>
  745	<Q>  857  858  923  922    </Q>
  746	<Q>  858  859  924  923    </Q>
  747	<Q>  859  860  925  924    </Q>
  748	<Q>  860  861  926  925    </Q>
  749	<Q>  861  862  927  926    </Q>
  750	<Q>  862  863  928  927    </Q>
  751	<Q>  863  864  929  928    </Q>
  752	<Q>  864  865  930  929    </Q>
  753	<Q>  865  866  931  930    </Q>
  754	<Q>  866  867  932  931    </Q>
  755	<Q>  867  868  933  932    </Q>
  756	<Q>  868  869  934  933    </Q>
  757	<Q>  869  870  935  934    </Q>
  758	<Q>  870  871  936  935    </Q>
  759	<Q>  871  872  937  936    </Q>
  760	<Q>  872  873  938  937    </Q>
  761	<Q>  873  874  939  938    </Q>
  762	<Q>  874  875  940  939    </Q>
  763	<Q>  875  876  941  940    </Q>
  764	<Q>  876  877  942  941    </Q>
  765	<Q>  877  878  943  942    </Q>
  766	<Q>  878  879  944  943    </Q>
  767	<Q>  711  881  946  730    </Q>
  768	<Q>  881  882  947  946    </Q>
  769	<Q>  882  883  948  947    </Q>
  770	<Q>  883  884  949  948    </Q>
  771	<Q>  884  885  950  949    </Q>
  772	<Q>  885  886  951  950    </Q>
  773	<Q>  886  887  952  951    </Q>
  774	<Q>  887  888  953  952    </Q>
  775	<Q>  888  889  954  953    </Q>
  776	<Q>  889  890  955  954    </Q>
  777	<Q>  890  891  956  955    </Q>
  778	<Q>  891  892  957  956    </Q>
  779	<Q>  892  893  958  957    </Q>
  780	<Q>  893  894  959  958    </Q>
  781	<Q>  894  895  960  959    </Q>
  782	<Q>  895  896  961  960    </Q>
  783	<Q>  896  897  962  961    </Q>
  784	<Q>  897  898  963  962    </Q>
  785	<Q>  898  899  964  963    </Q>
  786	<Q>  899  900  965  964    </Q>
  787	<Q>  900  901  966  965    </Q>
  788	<Q>  901  902  967  966    </Q>
  789	<Q>  902  903  968  967    </Q>
  790	<Q>  903  904  969  968    </Q>
  791	<Q>  904  905  970  969    </Q>
  792	<Q>  905  906  971  970    </Q>
  793	<Q>  906  907  972  971    </Q>
  794	<Q>  907  908  973  972    </Q>
  795	<Q>  908  909  974  973    </Q>
  796	<Q>  909  910  975  974    </Q>
  797	<Q>  910  911  976  975    </Q>
  798	<Q>  911  912  977  976    </Q>
  799	<Q>  912  913  978  977    </Q>
  800	<Q>  913  914  979  978    </Q>
  801	<Q>  914  915  980  979    </Q>
  802	<Q>  915  916  981  980    </Q>
  803	<Q>  916  917  982  981    </Q>
  804	<Q>  917  918  983  982    </Q>
  805	<Q>  918  919  984  983    </Q>
  806	<Q>  919  920  985  984    </Q>
  807	<Q>  920  921  986  985    </Q>
  808	<Q>  921  922  987  986    </Q>
  809	<Q>  922  923  988  987    </Q>
  810	<Q>  923  924  989  988    </Q>
  811	<Q>  924  925  990  989    </Q>
  812	<Q>  925  926  991  990    </Q>
  813	<Q>  926  927  992  991    </Q>
  814	<Q>  927  928  993  992    </Q>
  815	<Q>  928  929  994  993    </Q>
  816	<Q>  929  930  995  994    </Q>
  817	<Q>  930  931  996  995    </Q>
  818	<Q>  931  932  997  996    </Q>
  819	<Q>  932  933  998  997    </Q>
  820	<Q>  933  934  999  998    </Q>
  821	<Q>  934  935 1000  999    </Q>
  822	<Q>  935  936 1001 1000    </Q>
  823	<Q>  936  937 1002 1001    </Q>
  824	<Q>  937  938 1003 1002    </Q>
  825	<Q>  938  939 1004 1003    </Q>
  826	<Q>  939  940 1005 1004    </Q>
  827	<Q>  940  941 1006 1005    </Q>
  828	<Q>  941  942 1007 1006    </Q>
  829	<Q>  942  943 1008 1007    </Q>
  830	<Q>  943  944 1009 1008    </Q>
  831	<Q>  730  946 1011  749    </Q>
  832	<Q>  946  947 1012 1011    </Q>
  833	<Q>  947  948 1013 1012    </Q>
  834	<Q>  948  949 1014 1013    </Q>
  835	<Q>  949  950 1015 1014    </Q>
  836	<Q>  950  951 1016 1015    </Q>
  837	<Q>  951  952 1017 1016    </Q>
  838	<Q>  952  953 1018 1017    </Q>
  839	<Q>  953  954 1019 1018    </Q>
  840	<Q>  954  955 1020 1019    </Q>
  841	<Q>  955  956 1021 1020    </Q>
  842	<Q>  956  957 1022 1021    </Q>
  843	<Q>  957  958 1023 1022    </Q>
  844	<Q>  958  959 1024 1023    </Q>
  845	<Q>  959  960 1025 1024    </Q>
  846	<Q>  960  961 1026 1025    </Q>
  847	<Q>  961  962 1027 1026    </Q>
  848	<Q>  962  963 1028 1027    </Q>
  849	<Q>  963  964 1029 1028    </Q>
  850	<Q>  964  965 1030 1029    </Q>
  851	<Q>  965  966 1031 1030    </Q>
  852	<Q>  966  967 1032 1031    </Q>
  853	<Q>  967  968 1033 1032    </Q>
  854	<Q>  968  969 1034 1033    </Q>
  855	<Q>  969  970 1035 1034    </Q>
  856	<Q>  970  971 1036 1035    </Q>
  857	<Q>  971  972 1037 1036    </Q>
  858	<Q>  972  973 1038 1037    </Q>
  859	<Q>  973  974 1039 1038    </Q>
  860	<Q>  974  975 1040 1039    </Q>
  861	<Q>  975  976 1041 1040    </Q>
  862	<Q>  976  977 1042 1041    </Q>
  863	<Q>  977  978 1043 1042    </Q>
  864	<Q>  978  979 1044 1043    </Q>
  865	<Q>  979  980 1045 1044    </Q>
  866	<Q>  980  981 1046 1045    </Q>
  867	<Q>  981  982 1047 1046    </Q>
  868	<Q>  982  983 1048 1047    </Q>
  869	<Q>  983  984 1049 1048    </Q>
  870	<Q>  984  985 1050 1049    </Q>
  871	<Q>  985  986 1051 1050    </Q>
  872	<Q>  986  987 1052 1051    </Q>
  873	<Q>  987  988 1053 1052    </Q>
  874	<Q>  988  989 1054 1053    </Q>
  875	<Q>  989  990 1055 1054    </Q>
  876	<Q>  990  991 1056 1055    </Q>
  877	<Q>  991  992 1057 1056    </Q>
  878	<Q>  992  993 1058 1057    </Q>
  879	<Q>  993  994 1059 1058    </Q>
  880	<Q>  994  995 1060 1059    </Q>
  881	<Q>  995  996 1061 1060    </Q>
  882	<Q>  996  997 1062 1061    </Q>
  883	<Q>  997  998 1063 1062    </Q>
  884	<Q>  998  999 1064 1063    </Q>
  885	<Q>  999 1000 1065 1064    </Q>
  886	<Q> 1000 1001 1066 1065    </Q>
  887	<Q> 1001 1002 1067 1066    </Q>
  888	<Q> 1002 1003 1068 1067    </Q>
  889	<Q> 1003 1004 1069 1068    </Q>
  890	<Q> 1004 1005 1070 1069    </Q>
  891	<Q> 1005 1006 1071 1070    </Q>
  892	<Q> 1006 1007 1072 1071    </Q>
  893	<Q> 1007 1008 1073 1072    </Q>
  894	<Q> 1008 1009 1074 1073    </Q>
</ELEMENTS>

<SURFACES NUMBER=348>
1 1 1 <B> a </B>
2 2 1 <B> a </B>
3 11 1 <B> a </B>
4 19 1 <B> a </B>
5 20 1 <B> a </B>
6 21 1 <B> a </B>
7 22 1 <B> a </B>
8 23 1 <B> a </B>
9 24 1 <B> a </B>
10 25 1 <B> a </B>
11 26 1 <B> a </B>
12 27 1 <B> a </B>
13 28 1 <B> a </B>
14 29 1 <B> a </B>
15 30 1 <B> a </B>
16 31 1 <B> a </B>
17 32 1 <B> a </B>
18 33 1 <B> a </B>
19 34 1 <B> a </B>
20 35 1 <B> a </B>
21 36 1 <B> a </B>
22 37 1 <B> a </B>
23 38 1 <B> a </B>
24 39 1 <B> a </B>
25 40 1 <B> a </B>
26 41 1 <B> a </B>
27 42 1 <B> a </B>
28 43 1 <B> a </B>
29 44 1 <B> a </B>
30 45 1 <B> a </B>
31 46 1 <B> a </B>
32 47 1 <B> a </B>
33 48 1 <B> a </B>
34 49 1 <B> a </B>
35 50 1 <B> a </B>
36 51 1 <B> a </B>
37 52 1 <B> a </B>
38 53 1 <B> a </B>
39 54 1 <B> a </B>
40 55 1 <B> a </B>
41 56 1 <B> a </B>
42 57 1 <B> a </B>
43 58 1 <B> a </B>
44 59 1 <B> a </B>
45 60 1 <B> a </B>
46 61 1 <B> a </B>
47 62 1 <B> a </B>
48 63 1 <B> a </B>
49 64 1 <B> a </B>
50 65 1 <B> a </B>
51 66 1 <B> a </B>
52 67 1 <B> a </B>
53 68 1 <B> a </B>
54 69 1 <B> a </B>
55 376 1 <B> a </B>
56 377 1 <B> a </B>
57 389 1 <B> a </B>
58 390 1 <B> a </B>
59 391 1 <B> a </B>
60 392 1 <B> a </B>
61 393 1 <B> a </B>
62 394 1 <B> a </B>
63 395 1 <B> a </B>
64 396 1 <B> a </B>
65 397 1 <B> a </B>
66 398 1 <B> a </B>
67 399 1 <B> a </B>
68 400 1 <B> a </B>
69 401 1 <B> a </B>
70 402 1 <B> a </B>
71 473 1 <B> a </B>
72 474 1 <B> a </B>
73 484 1 <B> a </B>
74 485 1 <B> a </B>
75 486 1 <B> a </B>
76 487 1 <B> a </B>
77 488 1 <B> a </B>
78 489 1 <B> a </B>
79 490 1 <B> a </B>
80 491 1 <B> a </B>
81 492 1 <B> a </B>
82 493 1 <B> a </B>
83 494 1 <B> a </B>
84 495 1 <B> a </B>
85 496 1 <B> a </B>
86 497 1 <B> a </B>
87 564 1 <B> a </B>
88 565 1 <B> a </B>
89 566 1 <B> a </B>
90 567 1 <B> a </B>
91 568 1 <B> a </B>
92 569 1 <B> a </B>
93 570 1 <B> a </B>
94 571 1 <B> a </B>
95 572 1 <B> a </B>
96 573 1 <B> a </B>
97 574 1 <B> a </B>
98 575 1 <B> a </B>
99 576 1 <B> a </B>
100 577 1 <B> a </B>
101 578 1 <B> a </B>
102 579 1 <B> a </B>
103 580 1 <B> a </B>
104 581 1 <B> a </B>

105 702 2 <B> o </B>
106 766 2 <B> o </B>
107 830 2 <B> o </B>
108 894 2 <B> o </B>

109 9 3 <B> w </B>
110 325 3 <B> w </B>
111 326 3 <B> w </B>
112 327 3 <B> w </B>
113 328 3 <B> w </B>
114 329 3 <B> w </B>
115 330 3 <B> w </B>
116 331 3 <B> w </B>
117 332 3 <B> w </B>
118 333 3 <B> w </B>
119 334 3 <B> w </B>
120 335 3 <B> w </B>

121 336 3 <B> w </B>
122 337 3 <B> w </B>
123 338 3 <B> w </B>
124 339 3 <B> w </B>
125 340 3 <B> w </B>
126 341 3 <B> w </B>
127 342 3 <B> w </B>
128 343 3 <B> w </B>
129 344 3 <B> w </B>
130 345 3 <B> w </B>

131 346 3 <B> w </B>
132 347 3 <B> w </B>
133 348 3 <B> w </B>
134 349 3 <B> w </B>
135 350 3 <B> w </B>
136 351 3 <B> w </B>
137 352 3 <B> w </B>
138 353 3 <B> w </B>
139 354 3 <B> w </B>
140 355 3 <B> w </B>

141 356 3 <B> w </B>
142 357 3 <B> w </B>
143 358 3 <B> w </B>
144 359 3 <B> w </B>
145 360 3 <B> w </B>
146 361 3 <B> w </B>
147 362 3 <B> w </B>
148 363 3 <B> w </B>
149 364 3 <B> w </B>
150 365 3 <B> w </B>

151 366 3 <B> w </B>
152 367 3 <B> w </B>
153 368 3 <B> w </B>
154 369 3 <B> w </B>
155 370 3 <B> w </B>
156 371 3 <B> w </B>
157 372 3 <B> w </B>
158 373 3 <B> w </B>
159 374 3 <B> w </B>
160 375 3 <B> w </B>

161 460 3 <B> w </B>
162 461 3 <B> w </B>
163 462 3 <B> w </B>
164 463 3 <B> w </B>
165 464 3 <B> w </B>
166 465 3 <B> w </B>
167 466 3 <B> w </B>
168 467 3 <B> w </B>
169 468 3 <B> w </B>
170 469 3 <B> w </B>

171 470 3 <B> w </B>
172 471 3 <B> w </B>
173 472 3 <B> w </B>
174 541 3 <B> w </B>
175 542 3 <B> w </B>
176 543 3 <B> w </B>
177 544 3 <B> w </B>
178 545 3 <B> w </B>
179 546 3 <B> w </B>
180 547 3 <B> w </B>

181 548 3 <B> w </B>
182 549 3 <B> w </B>
183 550 3 <B> w </B>
184 551 3 <B> w </B>
185 552 3 <B> w </B>
186 553 3 <B> w </B>
187 561 3 <B> w </B>
188 562 3 <B> w </B>
189 620 3 <B> w </B>
190 621 3 <B> w </B>

191 622 3 <B> w </B>
192 623 3 <B> w </B>
193 624 3 <B> w </B>
194 625 3 <B> w </B>
195 626 3 <B> w </B>
196 627 3 <B> w </B>
197 628 3 <B> w </B>
198 629 3 <B> w </B>
199 630 3 <B> w </B>
200 631 3 <B> w </B>

201 632 3 <B> w </B>
202 633 3 <B> w </B>
203 634 3 <B> w </B>
204 635 3 <B> w </B>
205 636 3 <B> w </B>
206 637 3 <B> w </B>
207 638 3 <B> w </B>

208 1 4 <B> v </B>
209 3 4 <B> v </B>
210 5 4 <B> v </B>

211 7 4 <B> v </B>
212 9 4 <B> v </B>
213 10 3 <B> w </B> 
214 18 3 <B> w </B> 
215 459 3 <B> w </B> 
216 388 3 <B> w </B> 
217 481 3 <B> w </B> 
218 540 3 <B> w </B> 

219 560 1 <B> a </B>
220 563 1 <B> a </B> 



221 639	1 <B> a </B>
222 640 1 <B> a </B>
223 641 1 <B> a </B>
224 642 1 <B> a </B>
225 643 1 <B> a </B>
226 644 1 <B> a </B>
227 645 1 <B> a </B>
228 646 1 <B> a </B>
229 647 1 <B> a </B>
230 648 1 <B> a </B>
231 649 1 <B> a </B>
232 650 1 <B> a </B>

233 651 1 <B> a </B>
234 652 1 <B> a </B>
235 653 1 <B> a </B>
236 654 1 <B> a </B>
237 655 1 <B> a </B>
238 656 1 <B> a </B>
239 657 1 <B> a </B>
240 658 1 <B> a </B>
241 659 1 <B> a </B>
242 660 1 <B> a </B>

243 661 1 <B> a </B>
244 662 1 <B> a </B>
245 663 1 <B> a </B>
246 664 1 <B> a </B>
247 665 1 <B> a </B>
248 666 1 <B> a </B>
249 667 1 <B> a </B>
250 668 1 <B> a </B>
251 669 1 <B> a </B>
252 670 1 <B> a </B>

253 671 1 <B> a </B>
254 672 1 <B> a </B>
255 673 1 <B> a </B>
256 674 1 <B> a </B>
257 675 1 <B> a </B>
258 676 1 <B> a </B>
259 677 1 <B> a </B>
260 678 1 <B> a </B>
261 679 1 <B> a </B>
262 680 1 <B> a </B>

263 681 1 <B> a </B>
264 682 1 <B> a </B>
265 683 1 <B> a </B>
266 684 1 <B> a </B>
267 685 1 <B> a </B>
268 686 1 <B> a </B>
269 687 1 <B> a </B>
270 688 1 <B> a </B>
271 689 1 <B> a </B>
272 690 1 <B> a </B>

273 691 1 <B> a </B>
274 692 1 <B> a </B>
275 693 1 <B> a </B>
276 694 1 <B> a </B>
277 695 1 <B> a </B>
278 696 1 <B> a </B>
279 697 1 <B> a </B>
280 698 1 <B> a </B>
281 699 1 <B> a </B>
282 700 1 <B> a </B>

283 701 1 <B> a </B>
284 702 1 <B> a </B>

285 831 3 <B> w </B>
286 832 3 <B> w </B>
287 833 3 <B> w </B>
288 834 3 <B> w </B>
289 835 3 <B> w </B>

290 836 3 <B> w </B>
291 837 3 <B> w </B>
292 838 3 <B> w </B>
293 839 3 <B> w </B>
294 840 3 <B> w </B>
295 841 3 <B> w </B>
296 842 3 <B> w </B>
297 843 3 <B> w </B>
298 844 3 <B> w </B>
299 845 3 <B> w </B>

300 846 3 <B> w </B>
301 847 3 <B> w </B>
302 848 3 <B> w </B>
303 849 3 <B> w </B>
304 850 3 <B> w </B>
305 851 3 <B> w </B>
306 852 3 <B> w </B>
307 853 3 <B> w </B>
308 854 3 <B> w </B>
309 855 3 <B> w </B>

310 856 3 <B> w </B>
311 857 3 <B> w </B>
312 858 3 <B> w </B>
313 859 3 <B> w </B>
314 860 3 <B> w </B>
315 861 3 <B> w </B>
316 862 3 <B> w </B>
317 863 3 <B> w </B>
318 864 3 <B> w </B>
319 865 3 <B> w </B>

320 866 3 <B> w </B>
321 867 3 <B> w </B>
322 868 3 <B> w </B>
323 869 3 <B> w </B>
324 870 3 <B> w </B>
325 871 3 <B> w </B>
326 872 3 <B> w </B>
327 873 3 <B> w </B>
328 874 3 <B> w </B>
329 875 3 <B> w </B>

330 876 3 <B> w </B>
331 877 3 <B> w </B>
332 878 3 <B> w </B>
333 879 3 <B> w </B>
334 880 3 <B> w </B>
335 881 3 <B> w </B>
336 882 3 <B> w </B>
337 883 3 <B> w </B>
338 884 3 <B> w </B>
339 885 3 <B> w </B>

340 886 3 <B> w </B>
341 887 3 <B> w </B>
342 888 3 <B> w </B>
343 889 3 <B> w </B>
344 890 3 <B> w </B>
345 891 3 <B> w </B>
346 892 3 <B> w </B>
347 893 3 <B> w </B>
348 894 3 <B> w </B>

</SURFACES>

<CURVES NUMBER=11>
    1  325    3    <SPLINE> sten_50R_50D.geom  </SPLINE>
    2  326    3    <SPLINE> sten_50R_50D.geom  </SPLINE>
    3  327    3    <SPLINE> sten_50R_50D.geom  </SPLINE>
    4  328    3    <SPLINE> sten_50R_50D.geom  </SPLINE>
    5  329    3    <SPLINE> sten_50R_50D.geom  </SPLINE>
    6  330    3    <SPLINE> sten_50R_50D.geom  </SPLINE>
    7  331    3    <SPLINE> sten_50R_50D.geom  </SPLINE>
    8  332    3    <SPLINE> sten_50R_50D.geom  </SPLINE>
    9  333    3    <SPLINE> sten_50R_50D.geom  </SPLINE>
   10  334    3    <SPLINE> sten_50R_50D.geom  </SPLINE>
   11  335    3    <SPLINE> sten_50R_50D.geom  </SPLINE>
</CURVES>
