<FIELDS>
	u	v	w	p
</FIELDS>

<USER>
        u =  sin(x)*cos(y)*cos(z)
        v = -cos(x)*sin(y)*cos(z)
        w =  0
        p =  0
</USER>

<TOKENS>
	KINVIS    = 1/3000
	D_T       = 0.01
	N_STEP    = 100
	N_TIME    = 2
	N_P    = 6
	N_Z       = 96
	BETA      = 1.0
	IO_CFL    = 50
	IO_FLD    = 1000
	AVERAGE   = 0
	CHKPOINT  = 1
	ITERATIVE = 1
</TOKENS>

<NODES NUMBER=121>
    1	              0              0              0
    2	       0.628319              0              0
    3	        1.25664              0              0
    4	        1.88496              0              0
    5	        2.51327              0              0
    6	        3.14159              0              0
    7	        3.76991              0              0
    8	        4.39823              0              0
    9	        5.02655              0              0
   10	        5.65487              0              0
   11	        6.28319              0              0
   12	              0       0.628319              0
   13	       0.628319       0.628319              0
   14	        1.25664       0.628319              0
   15	        1.88496       0.628319              0
   16	        2.51327       0.628319              0
   17	        3.14159       0.628319              0
   18	        3.76991       0.628319              0
   19	        4.39823       0.628319              0
   20	        5.02655       0.628319              0
   21	        5.65487       0.628319              0
   22	        6.28319       0.628319              0
   23	              0        1.25664              0
   24	       0.628319        1.25664              0
   25	        1.25664        1.25664              0
   26	        1.88496        1.25664              0
   27	        2.51327        1.25664              0
   28	        3.14159        1.25664              0
   29	        3.76991        1.25664              0
   30	        4.39823        1.25664              0
   31	        5.02655        1.25664              0
   32	        5.65487        1.25664              0
   33	        6.28319        1.25664              0
   34	              0        1.88496              0
   35	       0.628319        1.88496              0
   36	        1.25664        1.88496              0
   37	        1.88496        1.88496              0
   38	        2.51327        1.88496              0
   39	        3.14159        1.88496              0
   40	        3.76991        1.88496              0
   41	        4.39823        1.88496              0
   42	        5.02655        1.88496              0
   43	        5.65487        1.88496              0
   44	        6.28319        1.88496              0
   45	              0        2.51327              0
   46	       0.628319        2.51327              0
   47	        1.25664        2.51327              0
   48	        1.88496        2.51327              0
   49	        2.51327        2.51327              0
   50	        3.14159        2.51327              0
   51	        3.76991        2.51327              0
   52	        4.39823        2.51327              0
   53	        5.02655        2.51327              0
   54	        5.65487        2.51327              0
   55	        6.28319        2.51327              0
   56	              0        3.14159              0
   57	       0.628319        3.14159              0
   58	        1.25664        3.14159              0
   59	        1.88496        3.14159              0
   60	        2.51327        3.14159              0
   61	        3.14159        3.14159              0
   62	        3.76991        3.14159              0
   63	        4.39823        3.14159              0
   64	        5.02655        3.14159              0
   65	        5.65487        3.14159              0
   66	        6.28319        3.14159              0
   67	              0        3.76991              0
   68	       0.628319        3.76991              0
   69	        1.25664        3.76991              0
   70	        1.88496        3.76991              0
   71	        2.51327        3.76991              0
   72	        3.14159        3.76991              0
   73	        3.76991        3.76991              0
   74	        4.39823        3.76991              0
   75	        5.02655        3.76991              0
   76	        5.65487        3.76991              0
   77	        6.28319        3.76991              0
   78	              0        4.39823              0
   79	       0.628319        4.39823              0
   80	        1.25664        4.39823              0
   81	        1.88496        4.39823              0
   82	        2.51327        4.39823              0
   83	        3.14159        4.39823              0
   84	        3.76991        4.39823              0
   85	        4.39823        4.39823              0
   86	        5.02655        4.39823              0
   87	        5.65487        4.39823              0
   88	        6.28319        4.39823              0
   89	              0        5.02655              0
   90	       0.628319        5.02655              0
   91	        1.25664        5.02655              0
   92	        1.88496        5.02655              0
   93	        2.51327        5.02655              0
   94	        3.14159        5.02655              0
   95	        3.76991        5.02655              0
   96	        4.39823        5.02655              0
   97	        5.02655        5.02655              0
   98	        5.65487        5.02655              0
   99	        6.28319        5.02655              0
  100	              0        5.65487              0
  101	       0.628319        5.65487              0
  102	        1.25664        5.65487              0
  103	        1.88496        5.65487              0
  104	        2.51327        5.65487              0
  105	        3.14159        5.65487              0
  106	        3.76991        5.65487              0
  107	        4.39823        5.65487              0
  108	        5.02655        5.65487              0
  109	        5.65487        5.65487              0
  110	        6.28319        5.65487              0
  111	              0        6.28319              0
  112	       0.628319        6.28319              0
  113	        1.25664        6.28319              0
  114	        1.88496        6.28319              0
  115	        2.51327        6.28319              0
  116	        3.14159        6.28319              0
  117	        3.76991        6.28319              0
  118	        4.39823        6.28319              0
  119	        5.02655        6.28319              0
  120	        5.65487        6.28319              0
  121	        6.28319        6.28319              0
</NODES>

<ELEMENTS NUMBER=100>
    1	<Q>    1    2   13   12    </Q>
    2	<Q>    2    3   14   13    </Q>
    3	<Q>    3    4   15   14    </Q>
    4	<Q>    4    5   16   15    </Q>
    5	<Q>    5    6   17   16    </Q>
    6	<Q>    6    7   18   17    </Q>
    7	<Q>    7    8   19   18    </Q>
    8	<Q>    8    9   20   19    </Q>
    9	<Q>    9   10   21   20    </Q>
   10	<Q>   10   11   22   21    </Q>
   11	<Q>   12   13   24   23    </Q>
   12	<Q>   13   14   25   24    </Q>
   13	<Q>   14   15   26   25    </Q>
   14	<Q>   15   16   27   26    </Q>
   15	<Q>   16   17   28   27    </Q>
   16	<Q>   17   18   29   28    </Q>
   17	<Q>   18   19   30   29    </Q>
   18	<Q>   19   20   31   30    </Q>
   19	<Q>   20   21   32   31    </Q>
   20	<Q>   21   22   33   32    </Q>
   21	<Q>   23   24   35   34    </Q>
   22	<Q>   24   25   36   35    </Q>
   23	<Q>   25   26   37   36    </Q>
   24	<Q>   26   27   38   37    </Q>
   25	<Q>   27   28   39   38    </Q>
   26	<Q>   28   29   40   39    </Q>
   27	<Q>   29   30   41   40    </Q>
   28	<Q>   30   31   42   41    </Q>
   29	<Q>   31   32   43   42    </Q>
   30	<Q>   32   33   44   43    </Q>
   31	<Q>   34   35   46   45    </Q>
   32	<Q>   35   36   47   46    </Q>
   33	<Q>   36   37   48   47    </Q>
   34	<Q>   37   38   49   48    </Q>
   35	<Q>   38   39   50   49    </Q>
   36	<Q>   39   40   51   50    </Q>
   37	<Q>   40   41   52   51    </Q>
   38	<Q>   41   42   53   52    </Q>
   39	<Q>   42   43   54   53    </Q>
   40	<Q>   43   44   55   54    </Q>
   41	<Q>   45   46   57   56    </Q>
   42	<Q>   46   47   58   57    </Q>
   43	<Q>   47   48   59   58    </Q>
   44	<Q>   48   49   60   59    </Q>
   45	<Q>   49   50   61   60    </Q>
   46	<Q>   50   51   62   61    </Q>
   47	<Q>   51   52   63   62    </Q>
   48	<Q>   52   53   64   63    </Q>
   49	<Q>   53   54   65   64    </Q>
   50	<Q>   54   55   66   65    </Q>
   51	<Q>   56   57   68   67    </Q>
   52	<Q>   57   58   69   68    </Q>
   53	<Q>   58   59   70   69    </Q>
   54	<Q>   59   60   71   70    </Q>
   55	<Q>   60   61   72   71    </Q>
   56	<Q>   61   62   73   72    </Q>
   57	<Q>   62   63   74   73    </Q>
   58	<Q>   63   64   75   74    </Q>
   59	<Q>   64   65   76   75    </Q>
   60	<Q>   65   66   77   76    </Q>
   61	<Q>   67   68   79   78    </Q>
   62	<Q>   68   69   80   79    </Q>
   63	<Q>   69   70   81   80    </Q>
   64	<Q>   70   71   82   81    </Q>
   65	<Q>   71   72   83   82    </Q>
   66	<Q>   72   73   84   83    </Q>
   67	<Q>   73   74   85   84    </Q>
   68	<Q>   74   75   86   85    </Q>
   69	<Q>   75   76   87   86    </Q>
   70	<Q>   76   77   88   87    </Q>
   71	<Q>   78   79   90   89    </Q>
   72	<Q>   79   80   91   90    </Q>
   73	<Q>   80   81   92   91    </Q>
   74	<Q>   81   82   93   92    </Q>
   75	<Q>   82   83   94   93    </Q>
   76	<Q>   83   84   95   94    </Q>
   77	<Q>   84   85   96   95    </Q>
   78	<Q>   85   86   97   96    </Q>
   79	<Q>   86   87   98   97    </Q>
   80	<Q>   87   88   99   98    </Q>
   81	<Q>   89   90  101  100    </Q>
   82	<Q>   90   91  102  101    </Q>
   83	<Q>   91   92  103  102    </Q>
   84	<Q>   92   93  104  103    </Q>
   85	<Q>   93   94  105  104    </Q>
   86	<Q>   94   95  106  105    </Q>
   87	<Q>   95   96  107  106    </Q>
   88	<Q>   96   97  108  107    </Q>
   89	<Q>   97   98  109  108    </Q>
   90	<Q>   98   99  110  109    </Q>
   91	<Q>  100  101  112  111    </Q>
   92	<Q>  101  102  113  112    </Q>
   93	<Q>  102  103  114  113    </Q>
   94	<Q>  103  104  115  114    </Q>
   95	<Q>  104  105  116  115    </Q>
   96	<Q>  105  106  117  116    </Q>
   97	<Q>  106  107  118  117    </Q>
   98	<Q>  107  108  119  118    </Q>
   99	<Q>  108  109  120  119    </Q>
  100	<Q>  109  110  121  120    </Q>
</ELEMENTS>

<SURFACES NUMBER=20>
    1    1    1    <P> 91 3 </P>
    2    2    1    <P> 92 3 </P>
    3    3    1    <P> 93 3 </P>
    4    4    1    <P> 94 3 </P>
    5    5    1    <P> 95 3 </P>
    6    6    1    <P> 96 3 </P>
    7    7    1    <P> 97 3 </P>
    8    8    1    <P> 98 3 </P>
    9    9    1    <P> 99 3 </P>
   10   10    1    <P> 100 3 </P>
   11   10    2    <P> 1 4 </P>
   12   20    2    <P> 11 4 </P>
   13   30    2    <P> 21 4 </P>
   14   40    2    <P> 31 4 </P>
   15   50    2    <P> 41 4 </P>
   16   60    2    <P> 51 4 </P>
   17   70    2    <P> 61 4 </P>
   18   80    2    <P> 71 4 </P>
   19   90    2    <P> 81 4 </P>
   20  100    2    <P> 91 4 </P>
</SURFACES>
