<TOKENS>
	CYLINDRICAL = 1
	Re_D        = 10000
	Re_t        = 0.099436*Re_D^0.875
	KINVIS      = 1/Re_D
	FFX         = (4*Re_t/Re_D)^2
	D_T         = 0.00075
	N_STEP      = 20000
	N_TIME      = 2
	N_P         = 11
	N_Z         = 320

	IO_CFL      = 50
	IO_FLD      = 1000
	IO_HIS      = 10

	AVERAGE     = 3
	CHKPOINT    = 1
	ITERATIVE   = 1
</TOKENS>

<FIELDS>
	u	v	w	p
</FIELDS>

<GROUPS NUMBER=2>
	1	w	wall
	2 	a 	axis
</GROUPS>

<BCS NUMBER=2>
	1	w	4
			<D>	u = 0.0	</D>
			<D>	v = 0.0	</D>
			<D>	w = 0.0	</D>
			<H>	p	</H>
	1	a	4
			<A>	u	</A>
			<A>	v	</A>
			<A>	w	</A>
			<A>	p	</A>
</BCS>

<NODES NUMBER=279>
    1	              0              0              0
    2	        0.20944              0              0
    3	       0.418879              0              0
    4	       0.628319              0              0
    5	       0.837758              0              0
    6	         1.0472              0              0
    7	        1.25664              0              0
    8	        1.46608              0              0
    9	        1.67552              0              0
   10	        1.88496              0              0
   11	         2.0944              0              0
   12	        2.30383              0              0
   13	        2.51327              0              0
   14	        2.72271              0              0
   15	        2.93215              0              0
   16	        3.14159              0              0
   17	        3.35103              0              0
   18	        3.56047              0              0
   19	        3.76991              0              0
   20	        3.97935              0              0
   21	        4.18879              0              0
   22	        4.39823              0              0
   23	        4.60767              0              0
   24	        4.81711              0              0
   25	        5.02655              0              0
   26	        5.23599              0              0
   27	        5.44543              0              0
   28	        5.65487              0              0
   29	        5.86431              0              0
   30	        6.07375              0              0
   31	        6.28319              0              0
   32	              0          0.113              0
   33	        0.20944          0.113              0
   34	       0.418879          0.113              0
   35	       0.628319          0.113              0
   36	       0.837758          0.113              0
   37	         1.0472          0.113              0
   38	        1.25664          0.113              0
   39	        1.46608          0.113              0
   40	        1.67552          0.113              0
   41	        1.88496          0.113              0
   42	         2.0944          0.113              0
   43	        2.30383          0.113              0
   44	        2.51327          0.113              0
   45	        2.72271          0.113              0
   46	        2.93215          0.113              0
   47	        3.14159          0.113              0
   48	        3.35103          0.113              0
   49	        3.56047          0.113              0
   50	        3.76991          0.113              0
   51	        3.97935          0.113              0
   52	        4.18879          0.113              0
   53	        4.39823          0.113              0
   54	        4.60767          0.113              0
   55	        4.81711          0.113              0
   56	        5.02655          0.113              0
   57	        5.23599          0.113              0
   58	        5.44543          0.113              0
   59	        5.65487          0.113              0
   60	        5.86431          0.113              0
   61	        6.07375          0.113              0
   62	        6.28319          0.113              0
   63	              0          0.208              0
   64	        0.20944          0.208              0
   65	       0.418879          0.208              0
   66	       0.628319          0.208              0
   67	       0.837758          0.208              0
   68	         1.0472          0.208              0
   69	        1.25664          0.208              0
   70	        1.46608          0.208              0
   71	        1.67552          0.208              0
   72	        1.88496          0.208              0
   73	         2.0944          0.208              0
   74	        2.30383          0.208              0
   75	        2.51327          0.208              0
   76	        2.72271          0.208              0
   77	        2.93215          0.208              0
   78	        3.14159          0.208              0
   79	        3.35103          0.208              0
   80	        3.56047          0.208              0
   81	        3.76991          0.208              0
   82	        3.97935          0.208              0
   83	        4.18879          0.208              0
   84	        4.39823          0.208              0
   85	        4.60767          0.208              0
   86	        4.81711          0.208              0
   87	        5.02655          0.208              0
   88	        5.23599          0.208              0
   89	        5.44543          0.208              0
   90	        5.65487          0.208              0
   91	        5.86431          0.208              0
   92	        6.07375          0.208              0
   93	        6.28319          0.208              0
   94	              0          0.289              0
   95	        0.20944          0.289              0
   96	       0.418879          0.289              0
   97	       0.628319          0.289              0
   98	       0.837758          0.289              0
   99	         1.0472          0.289              0
  100	        1.25664          0.289              0
  101	        1.46608          0.289              0
  102	        1.67552          0.289              0
  103	        1.88496          0.289              0
  104	         2.0944          0.289              0
  105	        2.30383          0.289              0
  106	        2.51327          0.289              0
  107	        2.72271          0.289              0
  108	        2.93215          0.289              0
  109	        3.14159          0.289              0
  110	        3.35103          0.289              0
  111	        3.56047          0.289              0
  112	        3.76991          0.289              0
  113	        3.97935          0.289              0
  114	        4.18879          0.289              0
  115	        4.39823          0.289              0
  116	        4.60767          0.289              0
  117	        4.81711          0.289              0
  118	        5.02655          0.289              0
  119	        5.23599          0.289              0
  120	        5.44543          0.289              0
  121	        5.65487          0.289              0
  122	        5.86431          0.289              0
  123	        6.07375          0.289              0
  124	        6.28319          0.289              0
  125	              0          0.356              0
  126	        0.20944          0.356              0
  127	       0.418879          0.356              0
  128	       0.628319          0.356              0
  129	       0.837758          0.356              0
  130	         1.0472          0.356              0
  131	        1.25664          0.356              0
  132	        1.46608          0.356              0
  133	        1.67552          0.356              0
  134	        1.88496          0.356              0
  135	         2.0944          0.356              0
  136	        2.30383          0.356              0
  137	        2.51327          0.356              0
  138	        2.72271          0.356              0
  139	        2.93215          0.356              0
  140	        3.14159          0.356              0
  141	        3.35103          0.356              0
  142	        3.56047          0.356              0
  143	        3.76991          0.356              0
  144	        3.97935          0.356              0
  145	        4.18879          0.356              0
  146	        4.39823          0.356              0
  147	        4.60767          0.356              0
  148	        4.81711          0.356              0
  149	        5.02655          0.356              0
  150	        5.23599          0.356              0
  151	        5.44543          0.356              0
  152	        5.65487          0.356              0
  153	        5.86431          0.356              0
  154	        6.07375          0.356              0
  155	        6.28319          0.356              0
  156	              0          0.412              0
  157	        0.20944          0.412              0
  158	       0.418879          0.412              0
  159	       0.628319          0.412              0
  160	       0.837758          0.412              0
  161	         1.0472          0.412              0
  162	        1.25664          0.412              0
  163	        1.46608          0.412              0
  164	        1.67552          0.412              0
  165	        1.88496          0.412              0
  166	         2.0944          0.412              0
  167	        2.30383          0.412              0
  168	        2.51327          0.412              0
  169	        2.72271          0.412              0
  170	        2.93215          0.412              0
  171	        3.14159          0.412              0
  172	        3.35103          0.412              0
  173	        3.56047          0.412              0
  174	        3.76991          0.412              0
  175	        3.97935          0.412              0
  176	        4.18879          0.412              0
  177	        4.39823          0.412              0
  178	        4.60767          0.412              0
  179	        4.81711          0.412              0
  180	        5.02655          0.412              0
  181	        5.23599          0.412              0
  182	        5.44543          0.412              0
  183	        5.65487          0.412              0
  184	        5.86431          0.412              0
  185	        6.07375          0.412              0
  186	        6.28319          0.412              0
  187	              0           0.46              0
  188	        0.20944           0.46              0
  189	       0.418879           0.46              0
  190	       0.628319           0.46              0
  191	       0.837758           0.46              0
  192	         1.0472           0.46              0
  193	        1.25664           0.46              0
  194	        1.46608           0.46              0
  195	        1.67552           0.46              0
  196	        1.88496           0.46              0
  197	         2.0944           0.46              0
  198	        2.30383           0.46              0
  199	        2.51327           0.46              0
  200	        2.72271           0.46              0
  201	        2.93215           0.46              0
  202	        3.14159           0.46              0
  203	        3.35103           0.46              0
  204	        3.56047           0.46              0
  205	        3.76991           0.46              0
  206	        3.97935           0.46              0
  207	        4.18879           0.46              0
  208	        4.39823           0.46              0
  209	        4.60767           0.46              0
  210	        4.81711           0.46              0
  211	        5.02655           0.46              0
  212	        5.23599           0.46              0
  213	        5.44543           0.46              0
  214	        5.65487           0.46              0
  215	        5.86431           0.46              0
  216	        6.07375           0.46              0
  217	        6.28319           0.46              0
  218	              0          0.485              0
  219	        0.20944          0.485              0
  220	       0.418879          0.485              0
  221	       0.628319          0.485              0
  222	       0.837758          0.485              0
  223	         1.0472          0.485              0
  224	        1.25664          0.485              0
  225	        1.46608          0.485              0
  226	        1.67552          0.485              0
  227	        1.88496          0.485              0
  228	         2.0944          0.485              0
  229	        2.30383          0.485              0
  230	        2.51327          0.485              0
  231	        2.72271          0.485              0
  232	        2.93215          0.485              0
  233	        3.14159          0.485              0
  234	        3.35103          0.485              0
  235	        3.56047          0.485              0
  236	        3.76991          0.485              0
  237	        3.97935          0.485              0
  238	        4.18879          0.485              0
  239	        4.39823          0.485              0
  240	        4.60767          0.485              0
  241	        4.81711          0.485              0
  242	        5.02655          0.485              0
  243	        5.23599          0.485              0
  244	        5.44543          0.485              0
  245	        5.65487          0.485              0
  246	        5.86431          0.485              0
  247	        6.07375          0.485              0
  248	        6.28319          0.485              0
  249	              0            0.5              0
  250	        0.20944            0.5              0
  251	       0.418879            0.5              0
  252	       0.628319            0.5              0
  253	       0.837758            0.5              0
  254	         1.0472            0.5              0
  255	        1.25664            0.5              0
  256	        1.46608            0.5              0
  257	        1.67552            0.5              0
  258	        1.88496            0.5              0
  259	         2.0944            0.5              0
  260	        2.30383            0.5              0
  261	        2.51327            0.5              0
  262	        2.72271            0.5              0
  263	        2.93215            0.5              0
  264	        3.14159            0.5              0
  265	        3.35103            0.5              0
  266	        3.56047            0.5              0
  267	        3.76991            0.5              0
  268	        3.97935            0.5              0
  269	        4.18879            0.5              0
  270	        4.39823            0.5              0
  271	        4.60767            0.5              0
  272	        4.81711            0.5              0
  273	        5.02655            0.5              0
  274	        5.23599            0.5              0
  275	        5.44543            0.5              0
  276	        5.65487            0.5              0
  277	        5.86431            0.5              0
  278	        6.07375            0.5              0
  279	        6.28319            0.5              0
</NODES>

<ELEMENTS NUMBER=240>
    1	<Q>    1    2   33   32    </Q>
    2	<Q>    2    3   34   33    </Q>
    3	<Q>    3    4   35   34    </Q>
    4	<Q>    4    5   36   35    </Q>
    5	<Q>    5    6   37   36    </Q>
    6	<Q>    6    7   38   37    </Q>
    7	<Q>    7    8   39   38    </Q>
    8	<Q>    8    9   40   39    </Q>
    9	<Q>    9   10   41   40    </Q>
   10	<Q>   10   11   42   41    </Q>
   11	<Q>   11   12   43   42    </Q>
   12	<Q>   12   13   44   43    </Q>
   13	<Q>   13   14   45   44    </Q>
   14	<Q>   14   15   46   45    </Q>
   15	<Q>   15   16   47   46    </Q>
   16	<Q>   16   17   48   47    </Q>
   17	<Q>   17   18   49   48    </Q>
   18	<Q>   18   19   50   49    </Q>
   19	<Q>   19   20   51   50    </Q>
   20	<Q>   20   21   52   51    </Q>
   21	<Q>   21   22   53   52    </Q>
   22	<Q>   22   23   54   53    </Q>
   23	<Q>   23   24   55   54    </Q>
   24	<Q>   24   25   56   55    </Q>
   25	<Q>   25   26   57   56    </Q>
   26	<Q>   26   27   58   57    </Q>
   27	<Q>   27   28   59   58    </Q>
   28	<Q>   28   29   60   59    </Q>
   29	<Q>   29   30   61   60    </Q>
   30	<Q>   30   31   62   61    </Q>
   31	<Q>   32   33   64   63    </Q>
   32	<Q>   33   34   65   64    </Q>
   33	<Q>   34   35   66   65    </Q>
   34	<Q>   35   36   67   66    </Q>
   35	<Q>   36   37   68   67    </Q>
   36	<Q>   37   38   69   68    </Q>
   37	<Q>   38   39   70   69    </Q>
   38	<Q>   39   40   71   70    </Q>
   39	<Q>   40   41   72   71    </Q>
   40	<Q>   41   42   73   72    </Q>
   41	<Q>   42   43   74   73    </Q>
   42	<Q>   43   44   75   74    </Q>
   43	<Q>   44   45   76   75    </Q>
   44	<Q>   45   46   77   76    </Q>
   45	<Q>   46   47   78   77    </Q>
   46	<Q>   47   48   79   78    </Q>
   47	<Q>   48   49   80   79    </Q>
   48	<Q>   49   50   81   80    </Q>
   49	<Q>   50   51   82   81    </Q>
   50	<Q>   51   52   83   82    </Q>
   51	<Q>   52   53   84   83    </Q>
   52	<Q>   53   54   85   84    </Q>
   53	<Q>   54   55   86   85    </Q>
   54	<Q>   55   56   87   86    </Q>
   55	<Q>   56   57   88   87    </Q>
   56	<Q>   57   58   89   88    </Q>
   57	<Q>   58   59   90   89    </Q>
   58	<Q>   59   60   91   90    </Q>
   59	<Q>   60   61   92   91    </Q>
   60	<Q>   61   62   93   92    </Q>
   61	<Q>   63   64   95   94    </Q>
   62	<Q>   64   65   96   95    </Q>
   63	<Q>   65   66   97   96    </Q>
   64	<Q>   66   67   98   97    </Q>
   65	<Q>   67   68   99   98    </Q>
   66	<Q>   68   69  100   99    </Q>
   67	<Q>   69   70  101  100    </Q>
   68	<Q>   70   71  102  101    </Q>
   69	<Q>   71   72  103  102    </Q>
   70	<Q>   72   73  104  103    </Q>
   71	<Q>   73   74  105  104    </Q>
   72	<Q>   74   75  106  105    </Q>
   73	<Q>   75   76  107  106    </Q>
   74	<Q>   76   77  108  107    </Q>
   75	<Q>   77   78  109  108    </Q>
   76	<Q>   78   79  110  109    </Q>
   77	<Q>   79   80  111  110    </Q>
   78	<Q>   80   81  112  111    </Q>
   79	<Q>   81   82  113  112    </Q>
   80	<Q>   82   83  114  113    </Q>
   81	<Q>   83   84  115  114    </Q>
   82	<Q>   84   85  116  115    </Q>
   83	<Q>   85   86  117  116    </Q>
   84	<Q>   86   87  118  117    </Q>
   85	<Q>   87   88  119  118    </Q>
   86	<Q>   88   89  120  119    </Q>
   87	<Q>   89   90  121  120    </Q>
   88	<Q>   90   91  122  121    </Q>
   89	<Q>   91   92  123  122    </Q>
   90	<Q>   92   93  124  123    </Q>
   91	<Q>   94   95  126  125    </Q>
   92	<Q>   95   96  127  126    </Q>
   93	<Q>   96   97  128  127    </Q>
   94	<Q>   97   98  129  128    </Q>
   95	<Q>   98   99  130  129    </Q>
   96	<Q>   99  100  131  130    </Q>
   97	<Q>  100  101  132  131    </Q>
   98	<Q>  101  102  133  132    </Q>
   99	<Q>  102  103  134  133    </Q>
  100	<Q>  103  104  135  134    </Q>
  101	<Q>  104  105  136  135    </Q>
  102	<Q>  105  106  137  136    </Q>
  103	<Q>  106  107  138  137    </Q>
  104	<Q>  107  108  139  138    </Q>
  105	<Q>  108  109  140  139    </Q>
  106	<Q>  109  110  141  140    </Q>
  107	<Q>  110  111  142  141    </Q>
  108	<Q>  111  112  143  142    </Q>
  109	<Q>  112  113  144  143    </Q>
  110	<Q>  113  114  145  144    </Q>
  111	<Q>  114  115  146  145    </Q>
  112	<Q>  115  116  147  146    </Q>
  113	<Q>  116  117  148  147    </Q>
  114	<Q>  117  118  149  148    </Q>
  115	<Q>  118  119  150  149    </Q>
  116	<Q>  119  120  151  150    </Q>
  117	<Q>  120  121  152  151    </Q>
  118	<Q>  121  122  153  152    </Q>
  119	<Q>  122  123  154  153    </Q>
  120	<Q>  123  124  155  154    </Q>
  121	<Q>  125  126  157  156    </Q>
  122	<Q>  126  127  158  157    </Q>
  123	<Q>  127  128  159  158    </Q>
  124	<Q>  128  129  160  159    </Q>
  125	<Q>  129  130  161  160    </Q>
  126	<Q>  130  131  162  161    </Q>
  127	<Q>  131  132  163  162    </Q>
  128	<Q>  132  133  164  163    </Q>
  129	<Q>  133  134  165  164    </Q>
  130	<Q>  134  135  166  165    </Q>
  131	<Q>  135  136  167  166    </Q>
  132	<Q>  136  137  168  167    </Q>
  133	<Q>  137  138  169  168    </Q>
  134	<Q>  138  139  170  169    </Q>
  135	<Q>  139  140  171  170    </Q>
  136	<Q>  140  141  172  171    </Q>
  137	<Q>  141  142  173  172    </Q>
  138	<Q>  142  143  174  173    </Q>
  139	<Q>  143  144  175  174    </Q>
  140	<Q>  144  145  176  175    </Q>
  141	<Q>  145  146  177  176    </Q>
  142	<Q>  146  147  178  177    </Q>
  143	<Q>  147  148  179  178    </Q>
  144	<Q>  148  149  180  179    </Q>
  145	<Q>  149  150  181  180    </Q>
  146	<Q>  150  151  182  181    </Q>
  147	<Q>  151  152  183  182    </Q>
  148	<Q>  152  153  184  183    </Q>
  149	<Q>  153  154  185  184    </Q>
  150	<Q>  154  155  186  185    </Q>
  151	<Q>  156  157  188  187    </Q>
  152	<Q>  157  158  189  188    </Q>
  153	<Q>  158  159  190  189    </Q>
  154	<Q>  159  160  191  190    </Q>
  155	<Q>  160  161  192  191    </Q>
  156	<Q>  161  162  193  192    </Q>
  157	<Q>  162  163  194  193    </Q>
  158	<Q>  163  164  195  194    </Q>
  159	<Q>  164  165  196  195    </Q>
  160	<Q>  165  166  197  196    </Q>
  161	<Q>  166  167  198  197    </Q>
  162	<Q>  167  168  199  198    </Q>
  163	<Q>  168  169  200  199    </Q>
  164	<Q>  169  170  201  200    </Q>
  165	<Q>  170  171  202  201    </Q>
  166	<Q>  171  172  203  202    </Q>
  167	<Q>  172  173  204  203    </Q>
  168	<Q>  173  174  205  204    </Q>
  169	<Q>  174  175  206  205    </Q>
  170	<Q>  175  176  207  206    </Q>
  171	<Q>  176  177  208  207    </Q>
  172	<Q>  177  178  209  208    </Q>
  173	<Q>  178  179  210  209    </Q>
  174	<Q>  179  180  211  210    </Q>
  175	<Q>  180  181  212  211    </Q>
  176	<Q>  181  182  213  212    </Q>
  177	<Q>  182  183  214  213    </Q>
  178	<Q>  183  184  215  214    </Q>
  179	<Q>  184  185  216  215    </Q>
  180	<Q>  185  186  217  216    </Q>
  181	<Q>  187  188  219  218    </Q>
  182	<Q>  188  189  220  219    </Q>
  183	<Q>  189  190  221  220    </Q>
  184	<Q>  190  191  222  221    </Q>
  185	<Q>  191  192  223  222    </Q>
  186	<Q>  192  193  224  223    </Q>
  187	<Q>  193  194  225  224    </Q>
  188	<Q>  194  195  226  225    </Q>
  189	<Q>  195  196  227  226    </Q>
  190	<Q>  196  197  228  227    </Q>
  191	<Q>  197  198  229  228    </Q>
  192	<Q>  198  199  230  229    </Q>
  193	<Q>  199  200  231  230    </Q>
  194	<Q>  200  201  232  231    </Q>
  195	<Q>  201  202  233  232    </Q>
  196	<Q>  202  203  234  233    </Q>
  197	<Q>  203  204  235  234    </Q>
  198	<Q>  204  205  236  235    </Q>
  199	<Q>  205  206  237  236    </Q>
  200	<Q>  206  207  238  237    </Q>
  201	<Q>  207  208  239  238    </Q>
  202	<Q>  208  209  240  239    </Q>
  203	<Q>  209  210  241  240    </Q>
  204	<Q>  210  211  242  241    </Q>
  205	<Q>  211  212  243  242    </Q>
  206	<Q>  212  213  244  243    </Q>
  207	<Q>  213  214  245  244    </Q>
  208	<Q>  214  215  246  245    </Q>
  209	<Q>  215  216  247  246    </Q>
  210	<Q>  216  217  248  247    </Q>
  211	<Q>  218  219  250  249    </Q>
  212	<Q>  219  220  251  250    </Q>
  213	<Q>  220  221  252  251    </Q>
  214	<Q>  221  222  253  252    </Q>
  215	<Q>  222  223  254  253    </Q>
  216	<Q>  223  224  255  254    </Q>
  217	<Q>  224  225  256  255    </Q>
  218	<Q>  225  226  257  256    </Q>
  219	<Q>  226  227  258  257    </Q>
  220	<Q>  227  228  259  258    </Q>
  221	<Q>  228  229  260  259    </Q>
  222	<Q>  229  230  261  260    </Q>
  223	<Q>  230  231  262  261    </Q>
  224	<Q>  231  232  263  262    </Q>
  225	<Q>  232  233  264  263    </Q>
  226	<Q>  233  234  265  264    </Q>
  227	<Q>  234  235  266  265    </Q>
  228	<Q>  235  236  267  266    </Q>
  229	<Q>  236  237  268  267    </Q>
  230	<Q>  237  238  269  268    </Q>
  231	<Q>  238  239  270  269    </Q>
  232	<Q>  239  240  271  270    </Q>
  233	<Q>  240  241  272  271    </Q>
  234	<Q>  241  242  273  272    </Q>
  235	<Q>  242  243  274  273    </Q>
  236	<Q>  243  244  275  274    </Q>
  237	<Q>  244  245  276  275    </Q>
  238	<Q>  245  246  277  276    </Q>
  239	<Q>  246  247  278  277    </Q>
  240	<Q>  247  248  279  278    </Q>
</ELEMENTS>

<SURFACES NUMBER=68>
    1    1    1    <B> a </B>
    2    2    1    <B> a </B>
    3    3    1    <B> a </B>
    4    4    1    <B> a </B>
    5    5    1    <B> a </B>
    6    6    1    <B> a </B>
    7    7    1    <B> a </B>
    8    8    1    <B> a </B>
    9    9    1    <B> a </B>
   10   10    1    <B> a </B>
   11   11    1    <B> a </B>
   12   12    1    <B> a </B>
   13   13    1    <B> a </B>
   14   14    1    <B> a </B>
   15   15    1    <B> a </B>
   16   16    1    <B> a </B>
   17   17    1    <B> a </B>
   18   18    1    <B> a </B>
   19   19    1    <B> a </B>
   20   20    1    <B> a </B>
   21   21    1    <B> a </B>
   22   22    1    <B> a </B>
   23   23    1    <B> a </B>
   24   24    1    <B> a </B>
   25   25    1    <B> a </B>
   26   26    1    <B> a </B>
   27   27    1    <B> a </B>
   28   28    1    <B> a </B>
   29   29    1    <B> a </B>
   30   30    1    <B> a </B>
   31   30    2    <P>   1 4 </P>
   32   60    2    <P>  31 4 </P>
   33   90    2    <P>  61 4 </P>
   34  120    2    <P>  91 4 </P>
   35  150    2    <P> 121 4 </P>
   36  180    2    <P> 151 4 </P>
   37  210    2    <P> 181 4 </P>
   38  240    2    <P> 211 4 </P>
   39  240    3    <B> w </B>
   40  239    3    <B> w </B>
   41  238    3    <B> w </B>
   42  237    3    <B> w </B>
   43  236    3    <B> w </B>
   44  235    3    <B> w </B>
   45  234    3    <B> w </B>
   46  233    3    <B> w </B>
   47  232    3    <B> w </B>
   48  231    3    <B> w </B>
   49  230    3    <B> w </B>
   50  229    3    <B> w </B>
   51  228    3    <B> w </B>
   52  227    3    <B> w </B>
   53  226    3    <B> w </B>
   54  225    3    <B> w </B>
   55  224    3    <B> w </B>
   56  223    3    <B> w </B>
   57  222    3    <B> w </B>
   58  221    3    <B> w </B>
   59  220    3    <B> w </B>
   60  219    3    <B> w </B>
   61  218    3    <B> w </B>
   62  217    3    <B> w </B>
   63  216    3    <B> w </B>
   64  215    3    <B> w </B>
   65  214    3    <B> w </B>
   66  213    3    <B> w </B>
   67  212    3    <B> w </B>
   68  211    3    <B> w </B>
</SURFACES>
