# FLow past an oscillating and rotating  circular cylinder.

<HISTORY NUMBER=4>
	 1	 0.00000	 2.00000	 0.00000
	 2	 2.00000	 0.00000	 0.00000
	 3	 2.00000	 2.00000	 0.00000
	 4	 5.00000	 5.00000	 0.00000
</HISTORY>

<FIELDS>
	u v p 
</FIELDS>

<TOKENS>

	KC	 = 4.7
	STOKES	 = 40.0
	N_TIME	 = 2
	N_P	 = 9
	IO_CFL	 = 50
	D	 = 1.0
	KINVIS	 = D*D/200
	A_T	 = KC*D/TWOPI
	FREQ	 = STOKES*KINVIS/D/D

	N_PERIOD = 100
	PERIOD	 = 1/FREQ
	PER_STEP = 3000
	N_STEP	 = N_PERIOD*PER_STEP 
	D_T	 = PERIOD/PER_STEP
	IO_FLD	 = PER_STEP/2

	BASE_DT	 = PERIOD/64

	CHKPOINT = 1
	IO_EIG	 = 5
	K_DIM	 = 5
	N_TOL	 = 2
	N_WRT	 = 3
	EVTOL	 = 2.0E-8
	BIGRES	 = 0
	K_ITRN	 = 150
	SYMMETRY = 0

</TOKENS>

<GROUPS NUMBER=3>
	1	v	velocity
	2	w	wall
	3	s	symmetry
</GROUPS>

<BCS NUMBER=3>
	1	v	3
			<D>	 u = 0.0	</D>
			<D>	 v = 0.0	</D>
			<D>	 p = 0.0	</D>
	2	w	3
			<D>	 u = 0.0	</D>
			<D>	 v = 0.0	</D>
			<H>	 p = 0.0	</H>
	3	s	3
			<D>	 u = 0.0	</D>
			<N>	 v = 0.0	</N>
			<H>	 p = 0.0	</H>
</BCS>

<NODES NUMBER=742>
	  1	 0.46190	 0.19130	 0.00000
	  2	 0.19130	 0.46190	 0.00000
	  3	-0.19130	 0.46190	 0.00000
	  4	-0.46190	 0.19130	 0.00000
	  5	-0.46190	-0.19130	 0.00000
	  6	-0.19130	-0.46190	 0.00000
	  7	 0.19130	-0.46190	 0.00000
	  8	 0.46190	-0.19130	 0.00000
	  9	 0.50000	 0.00000	 0.00000
	 10	 0.00000	 0.50000	 0.00000
	 11	-0.50000	 0.00000	 0.00000
	 12	 0.00000	-0.50000	 0.00000
	 13	 0.35360	 0.35360	 0.00000
	 14	-0.35360	 0.35360	 0.00000
	 15	-0.35360	-0.35360	 0.00000
	 16	 0.35360	-0.35360	 0.00000
	 17	 0.55430	 0.22960	 0.00000
	 18	 0.22960	 0.55430	 0.00000
	 19	-0.22960	 0.55430	 0.00000
	 20	-0.55430	 0.22960	 0.00000
	 21	-0.55430	-0.22960	 0.00000
	 22	-0.22960	-0.55430	 0.00000
	 23	 0.22960	-0.55430	 0.00000
	 24	 0.55430	-0.22960	 0.00000
	 25	 0.60000	 0.00000	 0.00000
	 26	 0.00000	 0.60000	 0.00000
	 27	-0.60000	 0.00000	 0.00000
	 28	 0.00000	-0.60000	 0.00000
	 29	 0.42430	 0.42430	 0.00000
	 30	-0.42430	 0.42430	 0.00000
	 31	-0.42430	-0.42430	 0.00000
	 32	 0.42430	-0.42430	 0.00000
	 33	 0.73910	 0.30610	 0.00000
	 34	 0.30610	 0.73910	 0.00000
	 35	-0.30610	 0.73910	 0.00000
	 36	-0.73910	 0.30610	 0.00000
	 37	-0.73910	-0.30610	 0.00000
	 38	-0.30610	-0.73910	 0.00000
	 39	 0.30610	-0.73910	 0.00000
	 40	 0.73910	-0.30610	 0.00000
	 41	 0.80000	 0.00000	 0.00000
	 42	 0.00000	 0.80000	 0.00000
	 43	-0.80000	 0.00000	 0.00000
	 44	 0.00000	-0.80000	 0.00000
	 45	 0.56570	 0.56570	 0.00000
	 46	-0.56570	 0.56570	 0.00000
	 47	-0.56570	-0.56570	 0.00000
	 48	 0.56570	-0.56570	 0.00000
	 49	 0.77780	 0.77780	 0.00000
	 50	-0.77780	 0.77780	 0.00000
	 51	-0.77780	-0.77780	 0.00000
	 52	 0.77780	-0.77780	 0.00000
	 53	 1.10000	 0.00000	 0.00000
	 54	 0.00000	 1.10000	 0.00000
	 55	-1.10000	 0.00000	 0.00000
	 56	 0.00000	-1.10000	 0.00000
	 57	 1.01630	 0.42100	 0.00000
	 58	 0.42100	 1.01630	 0.00000
	 59	-0.42100	 1.01630	 0.00000
	 60	-1.01630	 0.42100	 0.00000
	 61	-1.01630	-0.42100	 0.00000
	 62	-0.42100	-1.01630	 0.00000
	 63	 0.42100	-1.01630	 0.00000
	 64	 1.01630	-0.42100	 0.00000
	 65	 1.38580	 0.57400	 0.00000
	 66	 0.57400	 1.38580	 0.00000
	 67	-0.57400	 1.38580	 0.00000
	 68	-1.38580	 0.57400	 0.00000
	 69	-1.38580	-0.57400	 0.00000
	 70	-0.57400	-1.38580	 0.00000
	 71	 0.57400	-1.38580	 0.00000
	 72	 1.38580	-0.57400	 0.00000
	 73	 1.50000	 0.00000	 0.00000
	 74	 0.00000	 1.50000	 0.00000
	 75	-1.50000	 0.00000	 0.00000
	 76	 0.00000	-1.50000	 0.00000
	 77	 1.06070	 1.06070	 0.00000
	 78	-1.06070	 1.06070	 0.00000
	 79	-1.06070	-1.06070	 0.00000
	 80	 1.06070	-1.06070	 0.00000
	 81	 1.41420	 1.41420	 0.00000
	 82	-1.41420	 1.41420	 0.00000
	 83	-1.41420	-1.41420	 0.00000
	 84	 1.41420	-1.41420	 0.00000
	 85	 2.00000	 0.00000	 0.00000
	 86	 0.00000	 2.00000	 0.00000
	 87	-2.00000	 0.00000	 0.00000
	 88	 0.00000	-2.00000	 0.00000
	 89	 1.84780	 0.76540	 0.00000
	 90	 0.76540	 1.84780	 0.00000
	 91	-0.76540	 1.84780	 0.00000
	 92	-1.84780	 0.76540	 0.00000
	 93	-1.84780	-0.76540	 0.00000
	 94	-0.76540	-1.84780	 0.00000
	 95	 0.76540	-1.84780	 0.00000
	 96	 1.84780	-0.76540	 0.00000
	 97	 1.40000	 2.30000	 0.00000
	 98	-1.40000	 2.30000	 0.00000
	 99	-1.40000	-2.30000	 0.00000
	100	 1.40000	-2.30000	 0.00000
	101	 2.58690	 1.00000	 0.00000
	102	-2.58690	 1.00000	 0.00000
	103	-2.58690	-1.00000	 0.00000
	104	 2.58690	-1.00000	 0.00000
	105	 0.65000	 2.70000	 0.00000
	106	-0.65000	 2.70000	 0.00000
	107	-0.65000	-2.70000	 0.00000
	108	 0.65000	-2.70000	 0.00000
	109	 2.80000	 0.00000	 0.00000
	110	 1.97990	 1.97990	 0.00000
	111	-0.00000	 2.80000	 0.00000
	112	-1.97990	 1.97990	 0.00000
	113	-2.80000	 0.00000	 0.00000
	114	-1.97990	-1.97990	 0.00000
	115	-0.00000	-2.80000	 0.00000
	116	 1.97990	-1.97990	 0.00000
	117	 1.45000	 3.10000	 0.00000
	118	-1.45000	 3.10000	 0.00000
	119	-1.45000	-3.10000	 0.00000
	120	 1.45000	-3.10000	 0.00000
	121	 3.00000	 1.65000	 0.00000
	122	-3.00000	 1.65000	 0.00000
	123	-3.00000	-1.65000	 0.00000
	124	 3.00000	-1.65000	 0.00000
	125	 2.50000	 2.64000	 0.00000
	126	-2.50000	 2.64000	 0.00000
	127	-2.50000	-2.64000	 0.00000
	128	 2.50000	-2.64000	 0.00000
	129	 0.65000	 3.60000	 0.00000
	130	-0.65000	 3.60000	 0.00000
	131	-0.65000	-3.60000	 0.00000
	132	 0.65000	-3.60000	 0.00000
	133	 3.70000	 0.00000	 0.00000
	134	-0.00000	 3.70000	 0.00000
	135	-3.70000	 0.00000	 0.00000
	136	-0.00000	-3.70000	 0.00000
	137	 3.50000	 1.60000	 0.00000
	138	-3.50000	 1.60000	 0.00000
	139	-3.50000	-1.60000	 0.00000
	140	 3.50000	-1.60000	 0.00000
	141	 3.80000	 1.00000	 0.00000
	142	-3.80000	 1.00000	 0.00000
	143	-3.80000	-1.00000	 0.00000
	144	 3.80000	-1.00000	 0.00000
	145	 3.70000	 2.20000	 0.00000
	146	-3.70000	 2.20000	 0.00000
	147	-3.70000	-2.20000	 0.00000
	148	 3.70000	-2.20000	 0.00000
	149	 1.55000	 4.10000	 0.00000
	150	-1.55000	 4.10000	 0.00000
	151	-1.55000	-4.10000	 0.00000
	152	 1.55000	-4.10000	 0.00000
	153	 0.65000	 4.60000	 0.00000
	154	-0.65000	 4.60000	 0.00000
	155	-0.65000	-4.60000	 0.00000
	156	 0.65000	-4.60000	 0.00000
	157	 2.75000	 3.75400	 0.00000
	158	-2.75000	 3.75400	 0.00000
	159	-2.75000	-3.75400	 0.00000
	160	 2.75000	-3.75400	 0.00000
	161	-0.00000	 4.70000	 0.00000
	162	-0.00000	-4.70000	 0.00000
	163	 4.80000	 0.00000	 0.00000
	164	-4.80000	 0.00000	 0.00000
	165	 4.70000	 1.30000	 0.00000
	166	-4.70000	 1.30000	 0.00000
	167	-4.70000	-1.30000	 0.00000
	168	 4.70000	-1.30000	 0.00000
	169	 3.95000	 3.15000	 0.00000
	170	-3.95000	 3.15000	 0.00000
	171	-3.95000	-3.15000	 0.00000
	172	 3.95000	-3.15000	 0.00000
	173	 1.60000	 5.30000	 0.00000
	174	-1.60000	 5.30000	 0.00000
	175	-1.60000	-5.30000	 0.00000
	176	 1.60000	-5.30000	 0.00000
	177	 0.65000	 5.70000	 0.00000
	178	-0.65000	 5.70000	 0.00000
	179	-0.65000	-5.70000	 0.00000
	180	 0.65000	-5.70000	 0.00000
	181	 5.20000	 2.50000	 0.00000
	182	-5.20000	 2.50000	 0.00000
	183	-5.20000	-2.50000	 0.00000
	184	 5.20000	-2.50000	 0.00000
	185	 0.00000	 5.80000	 0.00000
	186	 0.00000	-5.80000	 0.00000
	187	 3.05000	 5.05000	 0.00000
	188	-3.05000	 5.05000	 0.00000
	189	-3.05000	-5.05000	 0.00000
	190	 3.05000	-5.05000	 0.00000
	191	 6.10000	 1.00000	 0.00000
	192	-6.10000	 1.00000	 0.00000
	193	-6.10000	-1.00000	 0.00000
	194	 6.10000	-1.00000	 0.00000
	195	 4.36000	 4.45000	 0.00000
	196	-4.36000	 4.45000	 0.00000
	197	-4.36000	-4.45000	 0.00000
	198	 4.36000	-4.45000	 0.00000
	199	 6.35000	 0.00000	 0.00000
	200	-6.35000	 0.00000	 0.00000
	201	 5.70000	 3.85000	 0.00000
	202	-5.70000	 3.85000	 0.00000
	203	-5.70000	-3.85000	 0.00000
	204	 5.70000	-3.85000	 0.00000
	205	 0.00000	 7.00000	 0.00000
	206	 0.00000	-7.00000	 0.00000
	207	 6.80000	 1.80000	 0.00000
	208	-6.80000	 1.80000	 0.00000
	209	-6.80000	-1.80000	 0.00000
	210	 6.80000	-1.80000	 0.00000
	211	 1.65000	 6.85000	 0.00000
	212	-1.65000	 6.85000	 0.00000
	213	-1.65000	-6.85000	 0.00000
	214	 1.65000	-6.85000	 0.00000
	215	 3.30000	 6.50000	 0.00000
	216	-3.30000	 6.50000	 0.00000
	217	-3.30000	-6.50000	 0.00000
	218	 3.30000	-6.50000	 0.00000
	219	 4.80000	 6.00000	 0.00000
	220	-4.80000	 6.00000	 0.00000
	221	-4.80000	-6.00000	 0.00000
	222	 4.80000	-6.00000	 0.00000
	223	 7.30000	 3.10000	 0.00000
	224	-7.30000	 3.10000	 0.00000
	225	-7.30000	-3.10000	 0.00000
	226	 7.30000	-3.10000	 0.00000
	227	 8.20000	 0.00000	 0.00000
	228	-8.20000	 0.00000	 0.00000
	229	 6.40000	 5.50000	 0.00000
	230	-6.40000	 5.50000	 0.00000
	231	-6.40000	-5.50000	 0.00000
	232	 6.40000	-5.50000	 0.00000
	233	 0.00000	 8.55000	 0.00000
	234	 0.00000	-8.55000	 0.00000
	235	 1.80000	 8.45000	 0.00000
	236	-1.80000	 8.45000	 0.00000
	237	-1.80000	-8.45000	 0.00000
	238	 1.80000	-8.45000	 0.00000
	239	 3.55000	 8.20000	 0.00000
	240	-3.55000	 8.20000	 0.00000
	241	-3.55000	-8.20000	 0.00000
	242	 3.55000	-8.20000	 0.00000
	243	 8.90000	 2.10000	 0.00000
	244	-8.90000	 2.10000	 0.00000
	245	-8.90000	-2.10000	 0.00000
	246	 8.90000	-2.10000	 0.00000
	247	 8.05000	 5.05000	 0.00000
	248	-8.05000	 5.05000	 0.00000
	249	-8.05000	-5.05000	 0.00000
	250	 8.05000	-5.05000	 0.00000
	251	 5.30000	 7.90000	 0.00000
	252	-5.30000	 7.90000	 0.00000
	253	-5.30000	-7.90000	 0.00000
	254	 5.30000	-7.90000	 0.00000
	255	 0.00000	10.25000	 0.00000
	256	 0.00000	-10.25000	 0.00000
	257	 7.10000	 7.45000	 0.00000
	258	-7.10000	 7.45000	 0.00000
	259	-7.10000	-7.45000	 0.00000
	260	 7.10000	-7.45000	 0.00000
	261	 1.90000	10.20000	 0.00000
	262	-1.90000	10.20000	 0.00000
	263	-1.90000	-10.20000	 0.00000
	264	 1.90000	-10.20000	 0.00000
	265	 9.70000	 4.40000	 0.00000
	266	-9.70000	 4.40000	 0.00000
	267	-9.70000	-4.40000	 0.00000
	268	 9.70000	-4.40000	 0.00000
	269	 3.80000	10.10000	 0.00000
	270	-3.80000	10.10000	 0.00000
	271	-3.80000	-10.10000	 0.00000
	272	 3.80000	-10.10000	 0.00000
	273	10.80000	 0.00000	 0.00000
	274	-10.80000	 0.00000	 0.00000
	275	 8.80000	 7.00000	 0.00000
	276	-8.80000	 7.00000	 0.00000
	277	-8.80000	-7.00000	 0.00000
	278	 8.80000	-7.00000	 0.00000
	279	11.10000	 1.90000	 0.00000
	280	-11.10000	 1.90000	 0.00000
	281	-11.10000	-1.90000	 0.00000
	282	11.10000	-1.90000	 0.00000
	283	 5.80000	10.00000	 0.00000
	284	-5.80000	10.00000	 0.00000
	285	-5.80000	-10.00000	 0.00000
	286	 5.80000	-10.00000	 0.00000
	287	 0.00000	12.00000	 0.00000
	288	 0.00000	-12.00000	 0.00000
	289	 1.95000	12.00000	 0.00000
	290	-1.95000	12.00000	 0.00000
	291	-1.95000	-12.00000	 0.00000
	292	 1.95000	-12.00000	 0.00000
	293	11.70000	 4.20000	 0.00000
	294	-11.70000	 4.20000	 0.00000
	295	-11.70000	-4.20000	 0.00000
	296	11.70000	-4.20000	 0.00000
	297	10.50000	 6.80000	 0.00000
	298	-10.50000	 6.80000	 0.00000
	299	-10.50000	-6.80000	 0.00000
	300	10.50000	-6.80000	 0.00000
	301	 3.90000	12.00000	 0.00000
	302	-3.90000	12.00000	 0.00000
	303	-3.90000	-12.00000	 0.00000
	304	 3.90000	-12.00000	 0.00000
	305	 9.30000	 8.70000	 0.00000
	306	-9.30000	 8.70000	 0.00000
	307	-9.30000	-8.70000	 0.00000
	308	 9.30000	-8.70000	 0.00000
	309	 8.00000	10.00000	 0.00000
	310	-8.00000	10.00000	 0.00000
	311	-8.00000	-10.00000	 0.00000
	312	 8.00000	-10.00000	 0.00000
	313	 5.95000	12.00000	 0.00000
	314	-5.95000	12.00000	 0.00000
	315	-5.95000	-12.00000	 0.00000
	316	 5.95000	-12.00000	 0.00000
	317	13.40000	 0.00000	 0.00000
	318	-13.40000	 0.00000	 0.00000
	319	13.50000	 1.90000	 0.00000
	320	-13.50000	 1.90000	 0.00000
	321	-13.50000	-1.90000	 0.00000
	322	13.50000	-1.90000	 0.00000
	323	12.20000	 6.80000	 0.00000
	324	-12.20000	 6.80000	 0.00000
	325	-12.20000	-6.80000	 0.00000
	326	12.20000	-6.80000	 0.00000
	327	 0.00000	14.00000	 0.00000
	328	 0.00000	-14.00000	 0.00000
	329	11.00000	 8.70000	 0.00000
	330	-11.00000	 8.70000	 0.00000
	331	-11.00000	-8.70000	 0.00000
	332	11.00000	-8.70000	 0.00000
	333	 2.00000	14.00000	 0.00000
	334	-2.00000	14.00000	 0.00000
	335	-2.00000	-14.00000	 0.00000
	336	 2.00000	-14.00000	 0.00000
	337	13.70000	 4.20000	 0.00000
	338	-13.70000	 4.20000	 0.00000
	339	-13.70000	-4.20000	 0.00000
	340	13.70000	-4.20000	 0.00000
	341	 8.00000	12.00000	 0.00000
	342	-8.00000	12.00000	 0.00000
	343	-8.00000	-12.00000	 0.00000
	344	 8.00000	-12.00000	 0.00000
	345	 4.00000	14.00000	 0.00000
	346	-4.00000	14.00000	 0.00000
	347	-4.00000	-14.00000	 0.00000
	348	 4.00000	-14.00000	 0.00000
	349	 6.00000	14.00000	 0.00000
	350	-6.00000	14.00000	 0.00000
	351	-6.00000	-14.00000	 0.00000
	352	 6.00000	-14.00000	 0.00000
	353	13.90000	 6.70000	 0.00000
	354	-13.90000	 6.70000	 0.00000
	355	-13.90000	-6.70000	 0.00000
	356	13.90000	-6.70000	 0.00000
	357	15.50000	 0.00000	 0.00000
	358	-15.50000	 0.00000	 0.00000
	359	15.50000	 1.90000	 0.00000
	360	-15.50000	 1.90000	 0.00000
	361	-15.50000	-1.90000	 0.00000
	362	15.50000	-1.90000	 0.00000
	363	10.00000	12.00000	 0.00000
	364	-10.00000	12.00000	 0.00000
	365	-10.00000	-12.00000	 0.00000
	366	10.00000	-12.00000	 0.00000
	367	 0.00000	16.00000	 0.00000
	368	 0.00000	-16.00000	 0.00000
	369	12.50000	10.00000	 0.00000
	370	-12.50000	10.00000	 0.00000
	371	-12.50000	-10.00000	 0.00000
	372	12.50000	-10.00000	 0.00000
	373	15.50000	 4.20000	 0.00000
	374	-15.50000	 4.20000	 0.00000
	375	-15.50000	-4.20000	 0.00000
	376	15.50000	-4.20000	 0.00000
	377	 8.00000	14.00000	 0.00000
	378	 2.00000	16.00000	 0.00000
	379	-2.00000	16.00000	 0.00000
	380	-8.00000	14.00000	 0.00000
	381	-8.00000	-14.00000	 0.00000
	382	-2.00000	-16.00000	 0.00000
	383	 2.00000	-16.00000	 0.00000
	384	 8.00000	-14.00000	 0.00000
	385	14.00000	 8.70000	 0.00000
	386	-14.00000	 8.70000	 0.00000
	387	-14.00000	-8.70000	 0.00000
	388	14.00000	-8.70000	 0.00000
	389	 4.00000	16.00000	 0.00000
	390	-4.00000	16.00000	 0.00000
	391	-4.00000	-16.00000	 0.00000
	392	 4.00000	-16.00000	 0.00000
	393	15.50000	 6.70000	 0.00000
	394	-15.50000	 6.70000	 0.00000
	395	-15.50000	-6.70000	 0.00000
	396	15.50000	-6.70000	 0.00000
	397	 6.00000	16.00000	 0.00000
	398	-6.00000	16.00000	 0.00000
	399	-6.00000	-16.00000	 0.00000
	400	 6.00000	-16.00000	 0.00000
	401	10.00000	14.00000	 0.00000
	402	-10.00000	14.00000	 0.00000
	403	-10.00000	-14.00000	 0.00000
	404	10.00000	-14.00000	 0.00000
	405	17.50000	 0.00000	 0.00000
	406	-17.50000	 0.00000	 0.00000
	407	17.50000	 2.10000	 0.00000
	408	-17.50000	 2.10000	 0.00000
	409	-17.50000	-2.10000	 0.00000
	410	17.50000	-2.10000	 0.00000
	411	15.50000	 8.70000	 0.00000
	412	-15.50000	 8.70000	 0.00000
	413	-15.50000	-8.70000	 0.00000
	414	15.50000	-8.70000	 0.00000
	415	 0.00000	18.00000	 0.00000
	416	 0.00000	-18.00000	 0.00000
	417	17.50000	 4.35000	 0.00000
	418	-17.50000	 4.35000	 0.00000
	419	-17.50000	-4.35000	 0.00000
	420	17.50000	-4.35000	 0.00000
	421	 2.00000	18.00000	 0.00000
	422	-2.00000	18.00000	 0.00000
	423	-2.00000	-18.00000	 0.00000
	424	 2.00000	-18.00000	 0.00000
	425	 8.50000	16.00000	 0.00000
	426	-8.50000	16.00000	 0.00000
	427	-8.50000	-16.00000	 0.00000
	428	 8.50000	-16.00000	 0.00000
	429	 4.00000	18.00000	 0.00000
	430	-4.00000	18.00000	 0.00000
	431	-4.00000	-18.00000	 0.00000
	432	 4.00000	-18.00000	 0.00000
	433	17.50000	 6.90000	 0.00000
	434	-17.50000	 6.90000	 0.00000
	435	-17.50000	-6.90000	 0.00000
	436	17.50000	-6.90000	 0.00000
	437	 6.00000	18.00000	 0.00000
	438	-6.00000	18.00000	 0.00000
	439	-6.00000	-18.00000	 0.00000
	440	 6.00000	-18.00000	 0.00000
	441	 8.00000	18.00000	 0.00000
	442	-8.00000	18.00000	 0.00000
	443	-8.00000	-18.00000	 0.00000
	444	 8.00000	-18.00000	 0.00000
	445	17.00000	10.00000	 0.00000
	446	-17.00000	10.00000	 0.00000
	447	-17.00000	-10.00000	 0.00000
	448	17.00000	-10.00000	 0.00000
	449	20.00000	 0.00000	 0.00000
	450	 0.00000	20.00000	 0.00000
	451	-20.00000	 0.00000	 0.00000
	452	 0.00000	-20.00000	 0.00000
	453	 2.00000	20.00000	 0.00000
	454	-2.00000	20.00000	 0.00000
	455	-2.00000	-20.00000	 0.00000
	456	 2.00000	-20.00000	 0.00000
	457	20.00000	 2.30000	 0.00000
	458	-20.00000	 2.30000	 0.00000
	459	-20.00000	-2.30000	 0.00000
	460	20.00000	-2.30000	 0.00000
	461	12.50000	16.00000	 0.00000
	462	-12.50000	16.00000	 0.00000
	463	-12.50000	-16.00000	 0.00000
	464	12.50000	-16.00000	 0.00000
	465	 4.00000	20.00000	 0.00000
	466	-4.00000	20.00000	 0.00000
	467	-4.00000	-20.00000	 0.00000
	468	 4.00000	-20.00000	 0.00000
	469	20.00000	 4.50000	 0.00000
	470	-20.00000	 4.50000	 0.00000
	471	-20.00000	-4.50000	 0.00000
	472	20.00000	-4.50000	 0.00000
	473	10.00000	18.00000	 0.00000
	474	-10.00000	18.00000	 0.00000
	475	-10.00000	-18.00000	 0.00000
	476	10.00000	-18.00000	 0.00000
	477	 6.00000	20.00000	 0.00000
	478	-6.00000	20.00000	 0.00000
	479	-6.00000	-20.00000	 0.00000
	480	 6.00000	-20.00000	 0.00000
	481	20.00000	 7.10000	 0.00000
	482	-20.00000	 7.10000	 0.00000
	483	-20.00000	-7.10000	 0.00000
	484	20.00000	-7.10000	 0.00000
	485	 8.00000	20.00000	 0.00000
	486	-8.00000	20.00000	 0.00000
	487	-8.00000	-20.00000	 0.00000
	488	 8.00000	-20.00000	 0.00000
	489	 0.00000	22.00000	 0.00000
	490	 0.00000	-22.00000	 0.00000
	491	 2.00000	22.00000	 0.00000
	492	-2.00000	22.00000	 0.00000
	493	-2.00000	-22.00000	 0.00000
	494	 2.00000	-22.00000	 0.00000
	495	20.00000	10.00000	 0.00000
	496	10.00000	20.00000	 0.00000
	497	 4.00000	22.00000	 0.00000
	498	-4.00000	22.00000	 0.00000
	499	-10.00000	20.00000	 0.00000
	500	-20.00000	10.00000	 0.00000
	501	-20.00000	-10.00000	 0.00000
	502	-10.00000	-20.00000	 0.00000
	503	-4.00000	-22.00000	 0.00000
	504	 4.00000	-22.00000	 0.00000
	505	10.00000	-20.00000	 0.00000
	506	20.00000	-10.00000	 0.00000
	507	 6.00000	22.00000	 0.00000
	508	-6.00000	22.00000	 0.00000
	509	-6.00000	-22.00000	 0.00000
	510	 6.00000	-22.00000	 0.00000
	511	17.00000	16.00000	 0.00000
	512	-17.00000	16.00000	 0.00000
	513	-17.00000	-16.00000	 0.00000
	514	17.00000	-16.00000	 0.00000
	515	 8.50000	22.00000	 0.00000
	516	-8.50000	22.00000	 0.00000
	517	-8.50000	-22.00000	 0.00000
	518	 8.50000	-22.00000	 0.00000
	519	 0.00000	24.00000	 0.00000
	520	 0.00000	-24.00000	 0.00000
	521	 2.00000	24.00000	 0.00000
	522	-2.00000	24.00000	 0.00000
	523	-2.00000	-24.00000	 0.00000
	524	 2.00000	-24.00000	 0.00000
	525	 4.00000	24.00000	 0.00000
	526	-4.00000	24.00000	 0.00000
	527	-4.00000	-24.00000	 0.00000
	528	 4.00000	-24.00000	 0.00000
	529	 6.00000	24.00000	 0.00000
	530	-6.00000	24.00000	 0.00000
	531	-6.00000	-24.00000	 0.00000
	532	 6.00000	-24.00000	 0.00000
	533	 8.00000	24.00000	 0.00000
	534	-8.00000	24.00000	 0.00000
	535	-8.00000	-24.00000	 0.00000
	536	 8.00000	-24.00000	 0.00000
	537	12.50000	22.00000	 0.00000
	538	-12.50000	22.00000	 0.00000
	539	-12.50000	-22.00000	 0.00000
	540	12.50000	-22.00000	 0.00000
	541	20.00000	16.00000	 0.00000
	542	-20.00000	16.00000	 0.00000
	543	-20.00000	-16.00000	 0.00000
	544	20.00000	-16.00000	 0.00000
	545	10.00000	24.00000	 0.00000
	546	 0.00000	26.00000	 0.00000
	547	-10.00000	24.00000	 0.00000
	548	-10.00000	-24.00000	 0.00000
	549	 0.00000	-26.00000	 0.00000
	550	10.00000	-24.00000	 0.00000
	551	 2.00000	26.00000	 0.00000
	552	-2.00000	26.00000	 0.00000
	553	-2.00000	-26.00000	 0.00000
	554	 2.00000	-26.00000	 0.00000
	555	 4.00000	26.00000	 0.00000
	556	-4.00000	26.00000	 0.00000
	557	-4.00000	-26.00000	 0.00000
	558	 4.00000	-26.00000	 0.00000
	559	 6.00000	26.00000	 0.00000
	560	-6.00000	26.00000	 0.00000
	561	-6.00000	-26.00000	 0.00000
	562	 6.00000	-26.00000	 0.00000
	563	 8.00000	26.00000	 0.00000
	564	-8.00000	26.00000	 0.00000
	565	-8.00000	-26.00000	 0.00000
	566	 8.00000	-26.00000	 0.00000
	567	17.00000	22.00000	 0.00000
	568	-17.00000	22.00000	 0.00000
	569	-17.00000	-22.00000	 0.00000
	570	17.00000	-22.00000	 0.00000
	571	10.00000	26.00000	 0.00000
	572	-10.00000	26.00000	 0.00000
	573	-10.00000	-26.00000	 0.00000
	574	10.00000	-26.00000	 0.00000
	575	 0.00000	28.00000	 0.00000
	576	 0.00000	-28.00000	 0.00000
	577	 2.00000	28.00000	 0.00000
	578	-2.00000	28.00000	 0.00000
	579	-2.00000	-28.00000	 0.00000
	580	 2.00000	-28.00000	 0.00000
	581	 4.00000	28.00000	 0.00000
	582	-4.00000	28.00000	 0.00000
	583	-4.00000	-28.00000	 0.00000
	584	 4.00000	-28.00000	 0.00000
	585	 6.00000	28.00000	 0.00000
	586	-6.00000	28.00000	 0.00000
	587	-6.00000	-28.00000	 0.00000
	588	 6.00000	-28.00000	 0.00000
	589	 8.50000	28.00000	 0.00000
	590	-8.50000	28.00000	 0.00000
	591	-8.50000	-28.00000	 0.00000
	592	 8.50000	-28.00000	 0.00000
	593	20.00000	22.00000	 0.00000
	594	-20.00000	22.00000	 0.00000
	595	-20.00000	-22.00000	 0.00000
	596	20.00000	-22.00000	 0.00000
	597	 0.00000	30.00000	 0.00000
	598	 0.00000	-30.00000	 0.00000
	599	 2.00000	30.00000	 0.00000
	600	-2.00000	30.00000	 0.00000
	601	-2.00000	-30.00000	 0.00000
	602	 2.00000	-30.00000	 0.00000
	603	 4.00000	30.00000	 0.00000
	604	-4.00000	30.00000	 0.00000
	605	-4.00000	-30.00000	 0.00000
	606	 4.00000	-30.00000	 0.00000
	607	 6.00000	30.00000	 0.00000
	608	-6.00000	30.00000	 0.00000
	609	-6.00000	-30.00000	 0.00000
	610	 6.00000	-30.00000	 0.00000
	611	12.50000	28.00000	 0.00000
	612	-12.50000	28.00000	 0.00000
	613	-12.50000	-28.00000	 0.00000
	614	12.50000	-28.00000	 0.00000
	615	 8.00000	30.00000	 0.00000
	616	-8.00000	30.00000	 0.00000
	617	-8.00000	-30.00000	 0.00000
	618	 8.00000	-30.00000	 0.00000
	619	10.00000	30.00000	 0.00000
	620	-10.00000	30.00000	 0.00000
	621	-10.00000	-30.00000	 0.00000
	622	10.00000	-30.00000	 0.00000
	623	 0.00000	32.00000	 0.00000
	624	 0.00000	-32.00000	 0.00000
	625	 2.00000	32.00000	 0.00000
	626	-2.00000	32.00000	 0.00000
	627	-2.00000	-32.00000	 0.00000
	628	 2.00000	-32.00000	 0.00000
	629	 4.00000	32.00000	 0.00000
	630	-4.00000	32.00000	 0.00000
	631	-4.00000	-32.00000	 0.00000
	632	 4.00000	-32.00000	 0.00000
	633	 6.00000	32.00000	 0.00000
	634	-6.00000	32.00000	 0.00000
	635	-6.00000	-32.00000	 0.00000
	636	 6.00000	-32.00000	 0.00000
	637	17.00000	28.00000	 0.00000
	638	-17.00000	28.00000	 0.00000
	639	-17.00000	-28.00000	 0.00000
	640	17.00000	-28.00000	 0.00000
	641	 8.00000	32.00000	 0.00000
	642	-8.00000	32.00000	 0.00000
	643	-8.00000	-32.00000	 0.00000
	644	 8.00000	-32.00000	 0.00000
	645	10.00000	32.00000	 0.00000
	646	-10.00000	32.00000	 0.00000
	647	-10.00000	-32.00000	 0.00000
	648	10.00000	-32.00000	 0.00000
	649	 0.00000	34.00000	 0.00000
	650	 0.00000	-34.00000	 0.00000
	651	 2.00000	34.00000	 0.00000
	652	-2.00000	34.00000	 0.00000
	653	-2.00000	-34.00000	 0.00000
	654	 2.00000	-34.00000	 0.00000
	655	 4.00000	34.00000	 0.00000
	656	-4.00000	34.00000	 0.00000
	657	-4.00000	-34.00000	 0.00000
	658	 4.00000	-34.00000	 0.00000
	659	20.00000	28.00000	 0.00000
	660	-20.00000	28.00000	 0.00000
	661	-20.00000	-28.00000	 0.00000
	662	20.00000	-28.00000	 0.00000
	663	 6.00000	34.00000	 0.00000
	664	-6.00000	34.00000	 0.00000
	665	-6.00000	-34.00000	 0.00000
	666	 6.00000	-34.00000	 0.00000
	667	 8.40000	34.00000	 0.00000
	668	-8.40000	34.00000	 0.00000
	669	-8.40000	-34.00000	 0.00000
	670	 8.40000	-34.00000	 0.00000
	671	12.50000	34.00000	 0.00000
	672	-12.50000	34.00000	 0.00000
	673	-12.50000	-34.00000	 0.00000
	674	12.50000	-34.00000	 0.00000
	675	 0.00000	37.00000	 0.00000
	676	 0.00000	-37.00000	 0.00000
	677	 2.10000	37.00000	 0.00000
	678	-2.10000	37.00000	 0.00000
	679	-2.10000	-37.00000	 0.00000
	680	 2.10000	-37.00000	 0.00000
	681	 4.20000	37.00000	 0.00000
	682	-4.20000	37.00000	 0.00000
	683	-4.20000	-37.00000	 0.00000
	684	 4.20000	-37.00000	 0.00000
	685	 6.30000	37.00000	 0.00000
	686	-6.30000	37.00000	 0.00000
	687	-6.30000	-37.00000	 0.00000
	688	 6.30000	-37.00000	 0.00000
	689	17.00000	34.00000	 0.00000
	690	-17.00000	34.00000	 0.00000
	691	-17.00000	-34.00000	 0.00000
	692	17.00000	-34.00000	 0.00000
	693	 8.90000	37.00000	 0.00000
	694	-8.90000	37.00000	 0.00000
	695	-8.90000	-37.00000	 0.00000
	696	 8.90000	-37.00000	 0.00000
	697	12.50000	37.00000	 0.00000
	698	-12.50000	37.00000	 0.00000
	699	-12.50000	-37.00000	 0.00000
	700	12.50000	-37.00000	 0.00000
	701	20.00000	34.00000	 0.00000
	702	-20.00000	34.00000	 0.00000
	703	-20.00000	-34.00000	 0.00000
	704	20.00000	-34.00000	 0.00000
	705	 0.00000	40.00000	 0.00000
	706	 0.00000	-40.00000	 0.00000
	707	 2.20000	40.00000	 0.00000
	708	-2.20000	40.00000	 0.00000
	709	-2.20000	-40.00000	 0.00000
	710	 2.20000	-40.00000	 0.00000
	711	 4.40000	40.00000	 0.00000
	712	-4.40000	40.00000	 0.00000
	713	-4.40000	-40.00000	 0.00000
	714	 4.40000	-40.00000	 0.00000
	715	 6.60000	40.00000	 0.00000
	716	-6.60000	40.00000	 0.00000
	717	-6.60000	-40.00000	 0.00000
	718	 6.60000	-40.00000	 0.00000
	719	17.00000	37.00000	 0.00000
	720	-17.00000	37.00000	 0.00000
	721	-17.00000	-37.00000	 0.00000
	722	17.00000	-37.00000	 0.00000
	723	 9.30000	40.00000	 0.00000
	724	-9.30000	40.00000	 0.00000
	725	-9.30000	-40.00000	 0.00000
	726	 9.30000	-40.00000	 0.00000
	727	12.50000	40.00000	 0.00000
	728	-12.50000	40.00000	 0.00000
	729	-12.50000	-40.00000	 0.00000
	730	12.50000	-40.00000	 0.00000
	731	20.00000	37.00000	 0.00000
	732	-20.00000	37.00000	 0.00000
	733	-20.00000	-37.00000	 0.00000
	734	20.00000	-37.00000	 0.00000
	735	17.00000	40.00000	 0.00000
	736	-17.00000	40.00000	 0.00000
	737	-17.00000	-40.00000	 0.00000
	738	17.00000	-40.00000	 0.00000
	739	20.00000	40.00000	 0.00000
	740	-20.00000	40.00000	 0.00000
	741	-20.00000	-40.00000	 0.00000
	742	20.00000	-40.00000	 0.00000
</NODES>

<ELEMENTS NUMBER=700>
	  1	<Q>	  1	  9	 25	 17	</Q>
	  2	<Q>	  2	 18	 26	 10	</Q>
	  3	<Q>	  3	 10	 26	 19	</Q>
	  4	<Q>	  1	 17	 29	 13	</Q>
	  5	<Q>	  2	 13	 29	 18	</Q>
	  6	<Q>	  4	 20	 27	 11	</Q>
	  7	<Q>	  5	 11	 27	 21	</Q>
	  8	<Q>	  3	 19	 30	 14	</Q>
	  9	<Q>	  8	 24	 25	  9	</Q>
	 10	<Q>	  4	 14	 30	 20	</Q>
	 11	<Q>	  6	 22	 28	 12	</Q>
	 12	<Q>	  7	 12	 28	 23	</Q>
	 13	<Q>	  5	 21	 31	 15	</Q>
	 14	<Q>	  6	 15	 31	 22	</Q>
	 15	<Q>	  7	 23	 32	 16	</Q>
	 16	<Q>	  8	 16	 32	 24	</Q>
	 17	<Q>	 17	 25	 41	 33	</Q>
	 18	<Q>	 18	 34	 42	 26	</Q>
	 19	<Q>	 19	 26	 42	 35	</Q>
	 20	<Q>	 17	 33	 45	 29	</Q>
	 21	<Q>	 18	 29	 45	 34	</Q>
	 22	<Q>	 20	 36	 43	 27	</Q>
	 23	<Q>	 21	 27	 43	 37	</Q>
	 24	<Q>	 19	 35	 46	 30	</Q>
	 25	<Q>	 24	 40	 41	 25	</Q>
	 26	<Q>	 20	 30	 46	 36	</Q>
	 27	<Q>	 22	 38	 44	 28	</Q>
	 28	<Q>	 23	 28	 44	 39	</Q>
	 29	<Q>	 21	 37	 47	 31	</Q>
	 30	<Q>	 22	 31	 47	 38	</Q>
	 31	<Q>	 23	 39	 48	 32	</Q>
	 32	<Q>	 24	 32	 48	 40	</Q>
	 33	<Q>	 33	 41	 53	 57	</Q>
	 34	<Q>	 33	 57	 49	 45	</Q>
	 35	<Q>	 34	 45	 49	 58	</Q>
	 36	<Q>	 34	 58	 54	 42	</Q>
	 37	<Q>	 35	 59	 50	 46	</Q>
	 38	<Q>	 35	 42	 54	 59	</Q>
	 39	<Q>	 36	 46	 50	 60	</Q>
	 40	<Q>	 36	 60	 55	 43	</Q>
	 41	<Q>	 37	 61	 51	 47	</Q>
	 42	<Q>	 37	 43	 55	 61	</Q>
	 43	<Q>	 38	 47	 51	 62	</Q>
	 44	<Q>	 40	 64	 53	 41	</Q>
	 45	<Q>	 38	 62	 56	 44	</Q>
	 46	<Q>	 39	 63	 52	 48	</Q>
	 47	<Q>	 39	 44	 56	 63	</Q>
	 48	<Q>	 40	 48	 52	 64	</Q>
	 49	<Q>	 53	 73	 65	 57	</Q>
	 50	<Q>	 49	 57	 65	 77	</Q>
	 51	<Q>	 49	 77	 66	 58	</Q>
	 52	<Q>	 54	 58	 66	 74	</Q>
	 53	<Q>	 54	 74	 67	 59	</Q>
	 54	<Q>	 50	 59	 67	 78	</Q>
	 55	<Q>	 50	 78	 68	 60	</Q>
	 56	<Q>	 55	 60	 68	 75	</Q>
	 57	<Q>	 55	 75	 69	 61	</Q>
	 58	<Q>	 51	 61	 69	 79	</Q>
	 59	<Q>	 53	 64	 72	 73	</Q>
	 60	<Q>	 51	 79	 70	 62	</Q>
	 61	<Q>	 56	 62	 70	 76	</Q>
	 62	<Q>	 56	 76	 71	 63	</Q>
	 63	<Q>	 52	 63	 71	 80	</Q>
	 64	<Q>	 52	 80	 72	 64	</Q>
	 65	<Q>	 65	 73	 85	 89	</Q>
	 66	<Q>	 65	 89	 81	 77	</Q>
	 67	<Q>	 66	 77	 81	 90	</Q>
	 68	<Q>	 66	 90	 86	 74	</Q>
	 69	<Q>	 67	 91	 82	 78	</Q>
	 70	<Q>	 67	 74	 86	 91	</Q>
	 71	<Q>	 68	 78	 82	 92	</Q>
	 72	<Q>	 68	 92	 87	 75	</Q>
	 73	<Q>	 69	 93	 83	 79	</Q>
	 74	<Q>	 69	 75	 87	 93	</Q>
	 75	<Q>	 70	 79	 83	 94	</Q>
	 76	<Q>	 72	 96	 85	 73	</Q>
	 77	<Q>	 70	 94	 88	 76	</Q>
	 78	<Q>	 71	 95	 84	 80	</Q>
	 79	<Q>	 71	 76	 88	 95	</Q>
	 80	<Q>	 72	 80	 84	 96	</Q>
	 81	<Q>	 81	110	 97	 90	</Q>
	 82	<Q>	 81	 89	101	110	</Q>
	 83	<Q>	 82	 91	 98	112	</Q>
	 84	<Q>	 85	109	101	 89	</Q>
	 85	<Q>	 82	112	102	 92	</Q>
	 86	<Q>	 83	114	 99	 94	</Q>
	 87	<Q>	 86	 90	105	111	</Q>
	 88	<Q>	 83	 93	103	114	</Q>
	 89	<Q>	 85	 96	104	109	</Q>
	 90	<Q>	 86	111	106	 91	</Q>
	 91	<Q>	 87	 92	102	113	</Q>
	 92	<Q>	 84	 95	100	116	</Q>
	 93	<Q>	 87	113	103	 93	</Q>
	 94	<Q>	 84	116	104	 96	</Q>
	 95	<Q>	 88	 94	107	115	</Q>
	 96	<Q>	 88	115	108	 95	</Q>
	 97	<Q>	 90	 97	117	105	</Q>
	 98	<Q>	 91	106	118	 98	</Q>
	 99	<Q>	 94	 99	119	107	</Q>
	100	<Q>	 95	108	120	100	</Q>
	101	<Q>	 97	110	125	117	</Q>
	102	<Q>	 98	118	126	112	</Q>
	103	<Q>	101	121	125	110	</Q>
	104	<Q>	 99	114	127	119	</Q>
	105	<Q>	102	112	126	122	</Q>
	106	<Q>	100	120	128	116	</Q>
	107	<Q>	103	123	127	114	</Q>
	108	<Q>	104	116	128	124	</Q>
	109	<Q>	105	129	134	111	</Q>
	110	<Q>	106	111	134	130	</Q>
	111	<Q>	101	109	133	141	</Q>
	112	<Q>	107	131	136	115	</Q>
	113	<Q>	104	144	133	109	</Q>
	114	<Q>	108	115	136	132	</Q>
	115	<Q>	102	142	135	113	</Q>
	116	<Q>	103	113	135	143	</Q>
	117	<Q>	101	141	137	121	</Q>
	118	<Q>	105	117	149	129	</Q>
	119	<Q>	106	130	150	118	</Q>
	120	<Q>	102	122	138	142	</Q>
	121	<Q>	103	143	139	123	</Q>
	122	<Q>	107	119	151	131	</Q>
	123	<Q>	108	132	152	120	</Q>
	124	<Q>	104	124	140	144	</Q>
	125	<Q>	121	137	145	125	</Q>
	126	<Q>	122	126	146	138	</Q>
	127	<Q>	123	139	147	127	</Q>
	128	<Q>	124	128	148	140	</Q>
	129	<Q>	117	125	157	149	</Q>
	130	<Q>	118	150	158	126	</Q>
	131	<Q>	119	127	159	151	</Q>
	132	<Q>	120	152	160	128	</Q>
	133	<Q>	129	153	161	134	</Q>
	134	<Q>	130	134	161	154	</Q>
	135	<Q>	131	155	162	136	</Q>
	136	<Q>	132	136	162	156	</Q>
	137	<Q>	137	141	165	145	</Q>
	138	<Q>	138	146	166	142	</Q>
	139	<Q>	125	145	169	157	</Q>
	140	<Q>	139	143	167	147	</Q>
	141	<Q>	126	158	170	146	</Q>
	142	<Q>	140	148	168	144	</Q>
	143	<Q>	133	163	165	141	</Q>
	144	<Q>	129	149	173	153	</Q>
	145	<Q>	127	147	171	159	</Q>
	146	<Q>	135	142	166	164	</Q>
	147	<Q>	133	144	168	163	</Q>
	148	<Q>	130	154	174	150	</Q>
	149	<Q>	128	160	172	148	</Q>
	150	<Q>	135	164	167	143	</Q>
	151	<Q>	131	151	175	155	</Q>
	152	<Q>	132	156	176	152	</Q>
	153	<Q>	145	165	181	169	</Q>
	154	<Q>	146	170	182	166	</Q>
	155	<Q>	149	157	187	173	</Q>
	156	<Q>	147	167	183	171	</Q>
	157	<Q>	150	174	188	158	</Q>
	158	<Q>	148	172	184	168	</Q>
	159	<Q>	151	159	189	175	</Q>
	160	<Q>	153	177	185	161	</Q>
	161	<Q>	154	161	185	178	</Q>
	162	<Q>	152	176	190	160	</Q>
	163	<Q>	155	179	186	162	</Q>
	164	<Q>	156	162	186	180	</Q>
	165	<Q>	157	169	195	187	</Q>
	166	<Q>	158	188	196	170	</Q>
	167	<Q>	153	173	211	177	</Q>
	168	<Q>	159	171	197	189	</Q>
	169	<Q>	163	199	191	165	</Q>
	170	<Q>	154	178	212	174	</Q>
	171	<Q>	160	190	198	172	</Q>
	172	<Q>	164	166	192	200	</Q>
	173	<Q>	155	175	213	179	</Q>
	174	<Q>	163	168	194	199	</Q>
	175	<Q>	164	200	193	167	</Q>
	176	<Q>	156	180	214	176	</Q>
	177	<Q>	165	191	207	181	</Q>
	178	<Q>	169	181	201	195	</Q>
	179	<Q>	166	182	208	192	</Q>
	180	<Q>	170	196	202	182	</Q>
	181	<Q>	167	193	209	183	</Q>
	182	<Q>	171	183	203	197	</Q>
	183	<Q>	168	184	210	194	</Q>
	184	<Q>	172	198	204	184	</Q>
	185	<Q>	177	211	205	185	</Q>
	186	<Q>	178	185	205	212	</Q>
	187	<Q>	179	213	206	186	</Q>
	188	<Q>	173	187	215	211	</Q>
	189	<Q>	180	186	206	214	</Q>
	190	<Q>	174	212	216	188	</Q>
	191	<Q>	175	189	217	213	</Q>
	192	<Q>	176	214	218	190	</Q>
	193	<Q>	181	207	223	201	</Q>
	194	<Q>	187	195	219	215	</Q>
	195	<Q>	182	202	224	208	</Q>
	196	<Q>	188	216	220	196	</Q>
	197	<Q>	183	209	225	203	</Q>
	198	<Q>	191	199	227	207	</Q>
	199	<Q>	189	197	221	217	</Q>
	200	<Q>	184	204	226	210	</Q>
	201	<Q>	192	208	228	200	</Q>
	202	<Q>	190	218	222	198	</Q>
	203	<Q>	193	200	228	209	</Q>
	204	<Q>	194	210	227	199	</Q>
	205	<Q>	195	201	229	219	</Q>
	206	<Q>	196	220	230	202	</Q>
	207	<Q>	197	203	231	221	</Q>
	208	<Q>	198	222	232	204	</Q>
	209	<Q>	205	211	235	233	</Q>
	210	<Q>	205	233	236	212	</Q>
	211	<Q>	206	213	237	234	</Q>
	212	<Q>	206	234	238	214	</Q>
	213	<Q>	207	227	243	223	</Q>
	214	<Q>	201	223	247	229	</Q>
	215	<Q>	211	215	239	235	</Q>
	216	<Q>	212	236	240	216	</Q>
	217	<Q>	202	230	248	224	</Q>
	218	<Q>	208	224	244	228	</Q>
	219	<Q>	209	228	245	225	</Q>
	220	<Q>	203	225	249	231	</Q>
	221	<Q>	213	217	241	237	</Q>
	222	<Q>	210	226	246	227	</Q>
	223	<Q>	214	238	242	218	</Q>
	224	<Q>	204	232	250	226	</Q>
	225	<Q>	215	219	251	239	</Q>
	226	<Q>	216	240	252	220	</Q>
	227	<Q>	217	221	253	241	</Q>
	228	<Q>	218	242	254	222	</Q>
	229	<Q>	219	229	257	251	</Q>
	230	<Q>	220	252	258	230	</Q>
	231	<Q>	221	231	259	253	</Q>
	232	<Q>	222	254	260	232	</Q>
	233	<Q>	223	243	265	247	</Q>
	234	<Q>	224	248	266	244	</Q>
	235	<Q>	233	235	261	255	</Q>
	236	<Q>	233	255	262	236	</Q>
	237	<Q>	225	245	267	249	</Q>
	238	<Q>	234	237	263	256	</Q>
	239	<Q>	226	250	268	246	</Q>
	240	<Q>	234	256	264	238	</Q>
	241	<Q>	235	239	269	261	</Q>
	242	<Q>	229	247	275	257	</Q>
	243	<Q>	236	262	270	240	</Q>
	244	<Q>	230	258	276	248	</Q>
	245	<Q>	237	241	271	263	</Q>
	246	<Q>	231	249	277	259	</Q>
	247	<Q>	238	264	272	242	</Q>
	248	<Q>	232	260	278	250	</Q>
	249	<Q>	227	273	279	243	</Q>
	250	<Q>	228	244	280	274	</Q>
	251	<Q>	227	246	282	273	</Q>
	252	<Q>	228	274	281	245	</Q>
	253	<Q>	239	251	283	269	</Q>
	254	<Q>	240	270	284	252	</Q>
	255	<Q>	241	253	285	271	</Q>
	256	<Q>	242	272	286	254	</Q>
	257	<Q>	243	279	293	265	</Q>
	258	<Q>	247	265	297	275	</Q>
	259	<Q>	244	266	294	280	</Q>
	260	<Q>	248	276	298	266	</Q>
	261	<Q>	245	281	295	267	</Q>
	262	<Q>	255	261	289	287	</Q>
	263	<Q>	249	267	299	277	</Q>
	264	<Q>	246	268	296	282	</Q>
	265	<Q>	255	287	290	262	</Q>
	266	<Q>	250	278	300	268	</Q>
	267	<Q>	256	263	291	288	</Q>
	268	<Q>	251	257	309	283	</Q>
	269	<Q>	256	288	292	264	</Q>
	270	<Q>	252	284	310	258	</Q>
	271	<Q>	253	259	311	285	</Q>
	272	<Q>	254	286	312	260	</Q>
	273	<Q>	261	269	301	289	</Q>
	274	<Q>	262	290	302	270	</Q>
	275	<Q>	263	271	303	291	</Q>
	276	<Q>	264	292	304	272	</Q>
	277	<Q>	257	275	305	309	</Q>
	278	<Q>	258	310	306	276	</Q>
	279	<Q>	259	277	307	311	</Q>
	280	<Q>	260	312	308	278	</Q>
	281	<Q>	269	283	313	301	</Q>
	282	<Q>	270	302	314	284	</Q>
	283	<Q>	271	285	315	303	</Q>
	284	<Q>	265	293	323	297	</Q>
	285	<Q>	272	304	316	286	</Q>
	286	<Q>	266	298	324	294	</Q>
	287	<Q>	267	295	325	299	</Q>
	288	<Q>	273	317	319	279	</Q>
	289	<Q>	268	300	326	296	</Q>
	290	<Q>	274	280	320	318	</Q>
	291	<Q>	273	282	322	317	</Q>
	292	<Q>	274	318	321	281	</Q>
	293	<Q>	275	297	329	305	</Q>
	294	<Q>	276	306	330	298	</Q>
	295	<Q>	277	299	331	307	</Q>
	296	<Q>	278	308	332	300	</Q>
	297	<Q>	279	319	337	293	</Q>
	298	<Q>	280	294	338	320	</Q>
	299	<Q>	287	289	333	327	</Q>
	300	<Q>	281	321	339	295	</Q>
	301	<Q>	287	327	334	290	</Q>
	302	<Q>	282	296	340	322	</Q>
	303	<Q>	288	291	335	328	</Q>
	304	<Q>	288	328	336	292	</Q>
	305	<Q>	283	309	341	313	</Q>
	306	<Q>	284	314	342	310	</Q>
	307	<Q>	285	311	343	315	</Q>
	308	<Q>	286	316	344	312	</Q>
	309	<Q>	289	301	345	333	</Q>
	310	<Q>	290	334	346	302	</Q>
	311	<Q>	291	303	347	335	</Q>
	312	<Q>	292	336	348	304	</Q>
	313	<Q>	293	337	353	323	</Q>
	314	<Q>	301	313	349	345	</Q>
	315	<Q>	294	324	354	338	</Q>
	316	<Q>	305	329	369	309	</Q>
	317	<Q>	302	346	350	314	</Q>
	318	<Q>	295	339	355	325	</Q>
	319	<Q>	306	310	370	330	</Q>
	320	<Q>	303	315	351	347	</Q>
	321	<Q>	297	323	369	329	</Q>
	322	<Q>	296	326	356	340	</Q>
	323	<Q>	307	331	371	311	</Q>
	324	<Q>	304	348	352	316	</Q>
	325	<Q>	298	330	370	324	</Q>
	326	<Q>	308	312	372	332	</Q>
	327	<Q>	299	325	371	331	</Q>
	328	<Q>	300	332	372	326	</Q>
	329	<Q>	317	357	359	319	</Q>
	330	<Q>	318	320	360	358	</Q>
	331	<Q>	317	322	362	357	</Q>
	332	<Q>	318	358	361	321	</Q>
	333	<Q>	313	341	377	349	</Q>
	334	<Q>	309	369	363	341	</Q>
	335	<Q>	314	350	380	342	</Q>
	336	<Q>	310	342	364	370	</Q>
	337	<Q>	319	359	373	337	</Q>
	338	<Q>	311	371	365	343	</Q>
	339	<Q>	315	343	381	351	</Q>
	340	<Q>	320	338	374	360	</Q>
	341	<Q>	312	344	366	372	</Q>
	342	<Q>	321	361	375	339	</Q>
	343	<Q>	316	352	384	344	</Q>
	344	<Q>	322	340	376	362	</Q>
	345	<Q>	327	333	378	367	</Q>
	346	<Q>	327	367	379	334	</Q>
	347	<Q>	328	335	382	368	</Q>
	348	<Q>	328	368	383	336	</Q>
	349	<Q>	323	353	385	369	</Q>
	350	<Q>	324	370	386	354	</Q>
	351	<Q>	325	355	387	371	</Q>
	352	<Q>	326	372	388	356	</Q>
	353	<Q>	333	345	389	378	</Q>
	354	<Q>	334	379	390	346	</Q>
	355	<Q>	335	347	391	382	</Q>
	356	<Q>	337	373	393	353	</Q>
	357	<Q>	336	383	392	348	</Q>
	358	<Q>	338	354	394	374	</Q>
	359	<Q>	339	375	395	355	</Q>
	360	<Q>	340	356	396	376	</Q>
	361	<Q>	345	349	397	389	</Q>
	362	<Q>	341	363	401	377	</Q>
	363	<Q>	346	390	398	350	</Q>
	364	<Q>	342	380	402	364	</Q>
	365	<Q>	347	351	399	391	</Q>
	366	<Q>	343	365	403	381	</Q>
	367	<Q>	348	392	400	352	</Q>
	368	<Q>	344	384	404	366	</Q>
	369	<Q>	357	405	407	359	</Q>
	370	<Q>	358	360	408	406	</Q>
	371	<Q>	357	362	410	405	</Q>
	372	<Q>	358	406	409	361	</Q>
	373	<Q>	353	393	411	385	</Q>
	374	<Q>	354	386	412	394	</Q>
	375	<Q>	349	377	425	397	</Q>
	376	<Q>	355	395	413	387	</Q>
	377	<Q>	350	398	426	380	</Q>
	378	<Q>	356	388	414	396	</Q>
	379	<Q>	359	407	417	373	</Q>
	380	<Q>	351	381	427	399	</Q>
	381	<Q>	360	374	418	408	</Q>
	382	<Q>	361	409	419	375	</Q>
	383	<Q>	352	400	428	384	</Q>
	384	<Q>	362	376	420	410	</Q>
	385	<Q>	367	378	421	415	</Q>
	386	<Q>	367	415	422	379	</Q>
	387	<Q>	368	382	423	416	</Q>
	388	<Q>	368	416	424	383	</Q>
	389	<Q>	363	369	461	401	</Q>
	390	<Q>	364	402	462	370	</Q>
	391	<Q>	365	371	463	403	</Q>
	392	<Q>	366	404	464	372	</Q>
	393	<Q>	369	385	411	445	</Q>
	394	<Q>	370	446	412	386	</Q>
	395	<Q>	373	417	433	393	</Q>
	396	<Q>	378	389	429	421	</Q>
	397	<Q>	371	387	413	447	</Q>
	398	<Q>	374	394	434	418	</Q>
	399	<Q>	379	422	430	390	</Q>
	400	<Q>	372	448	414	388	</Q>
	401	<Q>	375	419	435	395	</Q>
	402	<Q>	382	391	431	423	</Q>
	403	<Q>	376	396	436	420	</Q>
	404	<Q>	383	424	432	392	</Q>
	405	<Q>	389	397	437	429	</Q>
	406	<Q>	390	430	438	398	</Q>
	407	<Q>	391	399	439	431	</Q>
	408	<Q>	377	401	461	425	</Q>
	409	<Q>	392	432	440	400	</Q>
	410	<Q>	380	426	462	402	</Q>
	411	<Q>	381	403	463	427	</Q>
	412	<Q>	384	428	464	404	</Q>
	413	<Q>	393	433	445	411	</Q>
	414	<Q>	394	412	446	434	</Q>
	415	<Q>	395	435	447	413	</Q>
	416	<Q>	396	414	448	436	</Q>
	417	<Q>	397	425	441	437	</Q>
	418	<Q>	398	438	442	426	</Q>
	419	<Q>	399	427	443	439	</Q>
	420	<Q>	400	440	444	428	</Q>
	421	<Q>	405	449	457	407	</Q>
	422	<Q>	406	408	458	451	</Q>
	423	<Q>	405	410	460	449	</Q>
	424	<Q>	406	451	459	409	</Q>
	425	<Q>	415	421	453	450	</Q>
	426	<Q>	415	450	454	422	</Q>
	427	<Q>	416	423	455	452	</Q>
	428	<Q>	416	452	456	424	</Q>
	429	<Q>	407	457	469	417	</Q>
	430	<Q>	408	418	470	458	</Q>
	431	<Q>	409	459	471	419	</Q>
	432	<Q>	410	420	472	460	</Q>
	433	<Q>	421	429	465	453	</Q>
	434	<Q>	422	454	466	430	</Q>
	435	<Q>	423	431	467	455	</Q>
	436	<Q>	424	456	468	432	</Q>
	437	<Q>	369	445	511	461	</Q>
	438	<Q>	370	462	512	446	</Q>
	439	<Q>	371	447	513	463	</Q>
	440	<Q>	372	464	514	448	</Q>
	441	<Q>	417	469	481	433	</Q>
	442	<Q>	425	461	473	441	</Q>
	443	<Q>	426	442	474	462	</Q>
	444	<Q>	418	434	482	470	</Q>
	445	<Q>	429	437	477	465	</Q>
	446	<Q>	419	471	483	435	</Q>
	447	<Q>	427	463	475	443	</Q>
	448	<Q>	430	466	478	438	</Q>
	449	<Q>	428	444	476	464	</Q>
	450	<Q>	420	436	484	472	</Q>
	451	<Q>	431	439	479	467	</Q>
	452	<Q>	432	468	480	440	</Q>
	453	<Q>	437	441	485	477	</Q>
	454	<Q>	438	478	486	442	</Q>
	455	<Q>	439	443	487	479	</Q>
	456	<Q>	440	480	488	444	</Q>
	457	<Q>	433	481	495	445	</Q>
	458	<Q>	434	446	500	482	</Q>
	459	<Q>	435	483	501	447	</Q>
	460	<Q>	436	448	506	484	</Q>
	461	<Q>	450	453	491	489	</Q>
	462	<Q>	450	489	492	454	</Q>
	463	<Q>	452	455	493	490	</Q>
	464	<Q>	452	490	494	456	</Q>
	465	<Q>	441	473	496	485	</Q>
	466	<Q>	442	486	499	474	</Q>
	467	<Q>	453	465	497	491	</Q>
	468	<Q>	443	475	502	487	</Q>
	469	<Q>	454	492	498	466	</Q>
	470	<Q>	444	488	505	476	</Q>
	471	<Q>	455	467	503	493	</Q>
	472	<Q>	456	494	504	468	</Q>
	473	<Q>	465	477	507	497	</Q>
	474	<Q>	466	498	508	478	</Q>
	475	<Q>	467	479	509	503	</Q>
	476	<Q>	468	504	510	480	</Q>
	477	<Q>	461	537	496	473	</Q>
	478	<Q>	462	474	499	538	</Q>
	479	<Q>	463	539	502	475	</Q>
	480	<Q>	477	485	515	507	</Q>
	481	<Q>	464	476	505	540	</Q>
	482	<Q>	478	508	516	486	</Q>
	483	<Q>	445	495	541	511	</Q>
	484	<Q>	479	487	517	509	</Q>
	485	<Q>	480	510	518	488	</Q>
	486	<Q>	446	512	542	500	</Q>
	487	<Q>	447	501	543	513	</Q>
	488	<Q>	448	514	544	506	</Q>
	489	<Q>	489	491	521	519	</Q>
	490	<Q>	489	519	522	492	</Q>
	491	<Q>	490	493	523	520	</Q>
	492	<Q>	490	520	524	494	</Q>
	493	<Q>	485	496	537	515	</Q>
	494	<Q>	491	497	525	521	</Q>
	495	<Q>	492	522	526	498	</Q>
	496	<Q>	486	516	538	499	</Q>
	497	<Q>	487	502	539	517	</Q>
	498	<Q>	493	503	527	523	</Q>
	499	<Q>	494	524	528	504	</Q>
	500	<Q>	488	518	540	505	</Q>
	501	<Q>	497	507	529	525	</Q>
	502	<Q>	498	526	530	508	</Q>
	503	<Q>	503	509	531	527	</Q>
	504	<Q>	504	528	532	510	</Q>
	505	<Q>	461	511	567	537	</Q>
	506	<Q>	462	538	568	512	</Q>
	507	<Q>	507	515	533	529	</Q>
	508	<Q>	463	513	569	539	</Q>
	509	<Q>	508	530	534	516	</Q>
	510	<Q>	464	540	570	514	</Q>
	511	<Q>	509	517	535	531	</Q>
	512	<Q>	510	532	536	518	</Q>
	513	<Q>	515	537	545	533	</Q>
	514	<Q>	516	534	547	538	</Q>
	515	<Q>	519	521	551	546	</Q>
	516	<Q>	519	546	552	522	</Q>
	517	<Q>	517	539	548	535	</Q>
	518	<Q>	518	536	550	540	</Q>
	519	<Q>	520	523	553	549	</Q>
	520	<Q>	520	549	554	524	</Q>
	521	<Q>	521	525	555	551	</Q>
	522	<Q>	522	552	556	526	</Q>
	523	<Q>	523	527	557	553	</Q>
	524	<Q>	524	554	558	528	</Q>
	525	<Q>	525	529	559	555	</Q>
	526	<Q>	526	556	560	530	</Q>
	527	<Q>	527	531	561	557	</Q>
	528	<Q>	528	558	562	532	</Q>
	529	<Q>	529	533	563	559	</Q>
	530	<Q>	530	560	564	534	</Q>
	531	<Q>	531	535	565	561	</Q>
	532	<Q>	532	562	566	536	</Q>
	533	<Q>	511	541	593	567	</Q>
	534	<Q>	533	545	571	563	</Q>
	535	<Q>	512	568	594	542	</Q>
	536	<Q>	534	564	572	547	</Q>
	537	<Q>	513	543	595	569	</Q>
	538	<Q>	535	548	573	565	</Q>
	539	<Q>	514	570	596	544	</Q>
	540	<Q>	536	566	574	550	</Q>
	541	<Q>	546	551	577	575	</Q>
	542	<Q>	546	575	578	552	</Q>
	543	<Q>	549	553	579	576	</Q>
	544	<Q>	549	576	580	554	</Q>
	545	<Q>	537	611	571	545	</Q>
	546	<Q>	551	555	581	577	</Q>
	547	<Q>	552	578	582	556	</Q>
	548	<Q>	538	547	572	612	</Q>
	549	<Q>	553	557	583	579	</Q>
	550	<Q>	539	613	573	548	</Q>
	551	<Q>	554	580	584	558	</Q>
	552	<Q>	540	550	574	614	</Q>
	553	<Q>	555	559	585	581	</Q>
	554	<Q>	556	582	586	560	</Q>
	555	<Q>	557	561	587	583	</Q>
	556	<Q>	558	584	588	562	</Q>
	557	<Q>	559	563	589	585	</Q>
	558	<Q>	560	586	590	564	</Q>
	559	<Q>	561	565	591	587	</Q>
	560	<Q>	562	588	592	566	</Q>
	561	<Q>	563	571	611	589	</Q>
	562	<Q>	564	590	612	572	</Q>
	563	<Q>	565	573	613	591	</Q>
	564	<Q>	566	592	614	574	</Q>
	565	<Q>	575	577	599	597	</Q>
	566	<Q>	575	597	600	578	</Q>
	567	<Q>	537	567	637	611	</Q>
	568	<Q>	576	579	601	598	</Q>
	569	<Q>	538	612	638	568	</Q>
	570	<Q>	576	598	602	580	</Q>
	571	<Q>	577	581	603	599	</Q>
	572	<Q>	539	569	639	613	</Q>
	573	<Q>	578	600	604	582	</Q>
	574	<Q>	540	614	640	570	</Q>
	575	<Q>	579	583	605	601	</Q>
	576	<Q>	580	602	606	584	</Q>
	577	<Q>	581	585	607	603	</Q>
	578	<Q>	582	604	608	586	</Q>
	579	<Q>	583	587	609	605	</Q>
	580	<Q>	584	606	610	588	</Q>
	581	<Q>	585	589	615	607	</Q>
	582	<Q>	586	608	616	590	</Q>
	583	<Q>	587	591	617	609	</Q>
	584	<Q>	588	610	618	592	</Q>
	585	<Q>	589	611	619	615	</Q>
	586	<Q>	590	616	620	612	</Q>
	587	<Q>	591	613	621	617	</Q>
	588	<Q>	597	599	625	623	</Q>
	589	<Q>	597	623	626	600	</Q>
	590	<Q>	592	618	622	614	</Q>
	591	<Q>	598	601	627	624	</Q>
	592	<Q>	598	624	628	602	</Q>
	593	<Q>	567	593	659	637	</Q>
	594	<Q>	599	603	629	625	</Q>
	595	<Q>	600	626	630	604	</Q>
	596	<Q>	568	638	660	594	</Q>
	597	<Q>	569	595	661	639	</Q>
	598	<Q>	601	605	631	627	</Q>
	599	<Q>	602	628	632	606	</Q>
	600	<Q>	570	640	662	596	</Q>
	601	<Q>	603	607	633	629	</Q>
	602	<Q>	604	630	634	608	</Q>
	603	<Q>	605	609	635	631	</Q>
	604	<Q>	606	632	636	610	</Q>
	605	<Q>	607	615	641	633	</Q>
	606	<Q>	608	634	642	616	</Q>
	607	<Q>	609	617	643	635	</Q>
	608	<Q>	610	636	644	618	</Q>
	609	<Q>	615	619	645	641	</Q>
	610	<Q>	616	642	646	620	</Q>
	611	<Q>	617	621	647	643	</Q>
	612	<Q>	618	644	648	622	</Q>
	613	<Q>	611	671	645	619	</Q>
	614	<Q>	623	625	651	649	</Q>
	615	<Q>	623	649	652	626	</Q>
	616	<Q>	612	620	646	672	</Q>
	617	<Q>	613	673	647	621	</Q>
	618	<Q>	624	627	653	650	</Q>
	619	<Q>	624	650	654	628	</Q>
	620	<Q>	614	622	648	674	</Q>
	621	<Q>	625	629	655	651	</Q>
	622	<Q>	626	652	656	630	</Q>
	623	<Q>	627	631	657	653	</Q>
	624	<Q>	628	654	658	632	</Q>
	625	<Q>	629	633	663	655	</Q>
	626	<Q>	630	656	664	634	</Q>
	627	<Q>	631	635	665	657	</Q>
	628	<Q>	632	658	666	636	</Q>
	629	<Q>	633	641	667	663	</Q>
	630	<Q>	611	637	689	671	</Q>
	631	<Q>	634	664	668	642	</Q>
	632	<Q>	612	672	690	638	</Q>
	633	<Q>	635	643	669	665	</Q>
	634	<Q>	613	639	691	673	</Q>
	635	<Q>	636	666	670	644	</Q>
	636	<Q>	614	674	692	640	</Q>
	637	<Q>	641	645	671	667	</Q>
	638	<Q>	642	668	672	646	</Q>
	639	<Q>	643	647	673	669	</Q>
	640	<Q>	644	670	674	648	</Q>
	641	<Q>	649	651	677	675	</Q>
	642	<Q>	649	675	678	652	</Q>
	643	<Q>	650	653	679	676	</Q>
	644	<Q>	650	676	680	654	</Q>
	645	<Q>	651	655	681	677	</Q>
	646	<Q>	652	678	682	656	</Q>
	647	<Q>	653	657	683	679	</Q>
	648	<Q>	654	680	684	658	</Q>
	649	<Q>	655	663	685	681	</Q>
	650	<Q>	637	659	701	689	</Q>
	651	<Q>	656	682	686	664	</Q>
	652	<Q>	638	690	702	660	</Q>
	653	<Q>	657	665	687	683	</Q>
	654	<Q>	639	661	703	691	</Q>
	655	<Q>	658	684	688	666	</Q>
	656	<Q>	640	692	704	662	</Q>
	657	<Q>	663	667	693	685	</Q>
	658	<Q>	664	686	694	668	</Q>
	659	<Q>	665	669	695	687	</Q>
	660	<Q>	666	688	696	670	</Q>
	661	<Q>	667	671	697	693	</Q>
	662	<Q>	668	694	698	672	</Q>
	663	<Q>	669	673	699	695	</Q>
	664	<Q>	670	696	700	674	</Q>
	665	<Q>	675	677	707	705	</Q>
	666	<Q>	675	705	708	678	</Q>
	667	<Q>	676	679	709	706	</Q>
	668	<Q>	676	706	710	680	</Q>
	669	<Q>	671	689	719	697	</Q>
	670	<Q>	677	681	711	707	</Q>
	671	<Q>	678	708	712	682	</Q>
	672	<Q>	672	698	720	690	</Q>
	673	<Q>	673	691	721	699	</Q>
	674	<Q>	679	683	713	709	</Q>
	675	<Q>	680	710	714	684	</Q>
	676	<Q>	674	700	722	692	</Q>
	677	<Q>	681	685	715	711	</Q>
	678	<Q>	682	712	716	686	</Q>
	679	<Q>	683	687	717	713	</Q>
	680	<Q>	684	714	718	688	</Q>
	681	<Q>	685	693	723	715	</Q>
	682	<Q>	686	716	724	694	</Q>
	683	<Q>	687	695	725	717	</Q>
	684	<Q>	688	718	726	696	</Q>
	685	<Q>	689	701	731	719	</Q>
	686	<Q>	693	697	727	723	</Q>
	687	<Q>	694	724	728	698	</Q>
	688	<Q>	690	720	732	702	</Q>
	689	<Q>	691	703	733	721	</Q>
	690	<Q>	695	699	729	725	</Q>
	691	<Q>	696	726	730	700	</Q>
	692	<Q>	692	722	734	704	</Q>
	693	<Q>	697	719	735	727	</Q>
	694	<Q>	698	728	736	720	</Q>
	695	<Q>	699	721	737	729	</Q>
	696	<Q>	700	730	738	722	</Q>
	697	<Q>	719	731	739	735	</Q>
	698	<Q>	720	736	740	732	</Q>
	699	<Q>	721	733	741	737	</Q>
	700	<Q>	722	738	742	734	</Q>
</ELEMENTS>

<SURFACES NUMBER=84>
	  1	  9	  4	<B>	w	</B>
	  2	 16	  1	<B>	w	</B>
	  3	 15	  4	<B>	w	</B>
	  4	 12	  1	<B>	w	</B>
	  5	668	  2	<B>	v	</B>
	  6	675	  2	<B>	v	</B>
	  7	680	  2	<B>	v	</B>
	  8	684	  2	<B>	v	</B>
	  9	691	  2	<B>	v	</B>
	 10	696	  2	<B>	v	</B>
	 11	700	  2	<B>	v	</B>
	 12	700	  3	<B>	v	</B>
	 13	692	  3	<B>	v	</B>
	 14	656	  3	<B>	v	</B>
	 15	600	  3	<B>	v	</B>
	 16	539	  3	<B>	v	</B>
	 17	488	  3	<B>	v	</B>
	 18	460	  3	<B>	v	</B>
	 19	450	  3	<B>	v	</B>
	 20	432	  3	<B>	v	</B>
	 21	423	  3	<B>	v	</B>
	 22	 11	  4	<B>	w	</B>
	 23	  7	  1	<B>	w	</B>
	 24	 14	  1	<B>	w	</B>
	 25	 13	  4	<B>	w	</B>
	 26	424	  2	<B>	v	</B>
	 27	431	  2	<B>	v	</B>
	 28	446	  2	<B>	v	</B>
	 29	459	  2	<B>	v	</B>
	 30	487	  2	<B>	v	</B>
	 31	537	  2	<B>	v	</B>
	 32	597	  2	<B>	v	</B>
	 33	654	  2	<B>	v	</B>
	 34	667	  3	<B>	v	</B>
	 35	674	  3	<B>	v	</B>
	 36	679	  3	<B>	v	</B>
	 37	683	  3	<B>	v	</B>
	 38	690	  3	<B>	v	</B>
	 39	689	  2	<B>	v	</B>
	 40	695	  3	<B>	v	</B>
	 41	699	  3	<B>	v	</B>
	 42	699	  2	<B>	v	</B>
	 43	  6	  4	<B>	w	</B>
	 44	 10	  1	<B>	w	</B>
	 45	  3	  1	<B>	w	</B>
	 46	  1	  1	<B>	w	</B>
	 47	  8	  4	<B>	w	</B>
	 48	  2	  4	<B>	w	</B>
	 49	  5	  1	<B>	w	</B>
	 50	  4	  4	<B>	w	</B>
	 51	421	  2	<B>	v	</B>
	 52	422	  3	<B>	v	</B>
	 53	430	  3	<B>	v	</B>
	 54	429	  2	<B>	v	</B>
	 55	444	  3	<B>	v	</B>
	 56	441	  2	<B>	v	</B>
	 57	458	  3	<B>	v	</B>
	 58	457	  2	<B>	v	</B>
	 59	486	  3	<B>	v	</B>
	 60	483	  2	<B>	v	</B>
	 61	535	  3	<B>	v	</B>
	 62	533	  2	<B>	v	</B>
	 63	596	  3	<B>	v	</B>
	 64	593	  2	<B>	v	</B>
	 65	652	  3	<B>	v	</B>
	 66	650	  2	<B>	v	</B>
	 67	666	  2	<B>	v	</B>
	 68	665	  3	<B>	v	</B>
	 69	671	  2	<B>	v	</B>
	 70	670	  3	<B>	v	</B>
	 71	678	  2	<B>	v	</B>
	 72	677	  3	<B>	v	</B>
	 73	682	  2	<B>	v	</B>
	 74	681	  3	<B>	v	</B>
	 75	688	  3	<B>	v	</B>
	 76	687	  2	<B>	v	</B>
	 77	686	  3	<B>	v	</B>
	 78	685	  2	<B>	v	</B>
	 79	694	  2	<B>	v	</B>
	 80	693	  3	<B>	v	</B>
	 81	698	  2	<B>	v	</B>
	 82	698	  3	<B>	v	</B>
	 83	697	  3	<B>	v	</B>
	 84	697	  2	<B>	v	</B>
</SURFACES>

<CURVES NUMBER=176>
	  1	 12	  1	<ARC>	-0.50000	</ARC>
	  2	 15	  4	<ARC>	-0.50000	</ARC>
	  3	 16	  1	<ARC>	-0.50000	</ARC>
	  4	  9	  4	<ARC>	-0.50000	</ARC>
	  5	 12	  3	<ARC>	+0.60000	</ARC>
	  6	 15	  2	<ARC>	+0.60000	</ARC>
	  7	 16	  3	<ARC>	+0.60000	</ARC>
	  8	  9	  2	<ARC>	+0.60000	</ARC>
	  9	 28	  1	<ARC>	-0.60000	</ARC>
	 10	 31	  4	<ARC>	-0.60000	</ARC>
	 11	 32	  1	<ARC>	-0.60000	</ARC>
	 12	 25	  4	<ARC>	-0.60000	</ARC>
	 13	 28	  3	<ARC>	+0.80000	</ARC>
	 14	 31	  2	<ARC>	+0.80000	</ARC>
	 15	 32	  3	<ARC>	+0.80000	</ARC>
	 16	 25	  2	<ARC>	+0.80000	</ARC>
	 17	 47	  1	<ARC>	-0.80000	</ARC>
	 18	 46	  4	<ARC>	-0.80000	</ARC>
	 19	 48	  1	<ARC>	-0.80000	</ARC>
	 20	 44	  4	<ARC>	-0.80000	</ARC>
	 21	 47	  3	<ARC>	+1.10000	</ARC>
	 22	 46	  2	<ARC>	+1.10000	</ARC>
	 23	 48	  3	<ARC>	+1.10000	</ARC>
	 24	 44	  2	<ARC>	+1.10000	</ARC>
	 25	 62	  4	<ARC>	-1.10000	</ARC>
	 26	 63	  1	<ARC>	-1.10000	</ARC>
	 27	 64	  4	<ARC>	-1.10000	</ARC>
	 28	 59	  1	<ARC>	-1.10000	</ARC>
	 29	 62	  2	<ARC>	+1.50000	</ARC>
	 30	 63	  3	<ARC>	+1.50000	</ARC>
	 31	 64	  2	<ARC>	+1.50000	</ARC>
	 32	 59	  3	<ARC>	+1.50000	</ARC>
	 33	 79	  1	<ARC>	-1.50000	</ARC>
	 34	 78	  4	<ARC>	-1.50000	</ARC>
	 35	 80	  1	<ARC>	-1.50000	</ARC>
	 36	 76	  4	<ARC>	-1.50000	</ARC>
	 37	 62	  2	<ARC>	+2.00000	</ARC>
	 38	 63	  3	<ARC>	+2.00000	</ARC>
	 39	 64	  2	<ARC>	+2.00000	</ARC>
	 40	 59	  3	<ARC>	+2.00000	</ARC>
	 41	 79	  1	<ARC>	-2.00000	</ARC>
	 42	 78	  4	<ARC>	-2.00000	</ARC>
	 43	 80	  1	<ARC>	-2.00000	</ARC>
	 44	 76	  4	<ARC>	-2.00000	</ARC>
	 45	 11	  4	<ARC>	-0.50000	</ARC>
	 46	 11	  2	<ARC>	+0.60000	</ARC>
	 47	  7	  1	<ARC>	-0.50000	</ARC>
	 48	  7	  3	<ARC>	+0.60000	</ARC>
	 49	 14	  1	<ARC>	-0.50000	</ARC>
	 50	 14	  3	<ARC>	+0.60000	</ARC>
	 51	 13	  4	<ARC>	-0.50000	</ARC>
	 52	 13	  2	<ARC>	+0.60000	</ARC>
	 53	 27	  4	<ARC>	-0.60000	</ARC>
	 54	 27	  2	<ARC>	+0.80000	</ARC>
	 55	 23	  1	<ARC>	-0.60000	</ARC>
	 56	 23	  3	<ARC>	+0.80000	</ARC>
	 57	 30	  1	<ARC>	-0.60000	</ARC>
	 58	 30	  3	<ARC>	+0.80000	</ARC>
	 59	 29	  4	<ARC>	-0.60000	</ARC>
	 60	 29	  2	<ARC>	+0.80000	</ARC>
	 61	 43	  1	<ARC>	-0.80000	</ARC>
	 62	 43	  3	<ARC>	+1.10000	</ARC>
	 63	 45	  4	<ARC>	-0.80000	</ARC>
	 64	 45	  2	<ARC>	+1.10000	</ARC>
	 65	 42	  1	<ARC>	-0.80000	</ARC>
	 66	 42	  3	<ARC>	+1.10000	</ARC>
	 67	 41	  4	<ARC>	-0.80000	</ARC>
	 68	 41	  2	<ARC>	+1.10000	</ARC>
	 69	 60	  4	<ARC>	-1.10000	</ARC>
	 70	 60	  2	<ARC>	+1.50000	</ARC>
	 71	 60	  2	<ARC>	+2.00000	</ARC>
	 72	 57	  4	<ARC>	-1.10000	</ARC>
	 73	 57	  2	<ARC>	+1.50000	</ARC>
	 74	 57	  2	<ARC>	+2.00000	</ARC>
	 75	 61	  1	<ARC>	-1.10000	</ARC>
	 76	 61	  3	<ARC>	+1.50000	</ARC>
	 77	 61	  3	<ARC>	+2.00000	</ARC>
	 78	 58	  1	<ARC>	-1.10000	</ARC>
	 79	 58	  3	<ARC>	+1.50000	</ARC>
	 80	 58	  3	<ARC>	+2.00000	</ARC>
	 81	 75	  1	<ARC>	-1.50000	</ARC>
	 82	 75	  1	<ARC>	-2.00000	</ARC>
	 83	 77	  4	<ARC>	-1.50000	</ARC>
	 84	 77	  4	<ARC>	-2.00000	</ARC>
	 85	 74	  1	<ARC>	-1.50000	</ARC>
	 86	 74	  1	<ARC>	-2.00000	</ARC>
	 87	 73	  4	<ARC>	-1.50000	</ARC>
	 88	 73	  4	<ARC>	-2.00000	</ARC>
	 89	  6	  4	<ARC>	-0.50000	</ARC>
	 90	  6	  2	<ARC>	+0.60000	</ARC>
	 91	 10	  1	<ARC>	-0.50000	</ARC>
	 92	 10	  3	<ARC>	+0.60000	</ARC>
	 93	  3	  1	<ARC>	-0.50000	</ARC>
	 94	  3	  3	<ARC>	+0.60000	</ARC>
	 95	  1	  1	<ARC>	-0.50000	</ARC>
	 96	  1	  3	<ARC>	+0.60000	</ARC>
	 97	  8	  4	<ARC>	-0.50000	</ARC>
	 98	  8	  2	<ARC>	+0.60000	</ARC>
	 99	  2	  4	<ARC>	-0.50000	</ARC>
	100	  2	  2	<ARC>	+0.60000	</ARC>
	101	  5	  1	<ARC>	-0.50000	</ARC>
	102	  5	  3	<ARC>	+0.60000	</ARC>
	103	  4	  4	<ARC>	-0.50000	</ARC>
	104	  4	  2	<ARC>	+0.60000	</ARC>
	105	 22	  4	<ARC>	-0.60000	</ARC>
	106	 22	  2	<ARC>	+0.80000	</ARC>
	107	 26	  1	<ARC>	-0.60000	</ARC>
	108	 26	  3	<ARC>	+0.80000	</ARC>
	109	 19	  1	<ARC>	-0.60000	</ARC>
	110	 19	  3	<ARC>	+0.80000	</ARC>
	111	 17	  1	<ARC>	-0.60000	</ARC>
	112	 17	  3	<ARC>	+0.80000	</ARC>
	113	 24	  4	<ARC>	-0.60000	</ARC>
	114	 24	  2	<ARC>	+0.80000	</ARC>
	115	 18	  4	<ARC>	-0.60000	</ARC>
	116	 18	  2	<ARC>	+0.80000	</ARC>
	117	 21	  1	<ARC>	-0.60000	</ARC>
	118	 21	  3	<ARC>	+0.80000	</ARC>
	119	 20	  4	<ARC>	-0.60000	</ARC>
	120	 20	  2	<ARC>	+0.80000	</ARC>
	121	 39	  1	<ARC>	-0.80000	</ARC>
	122	 39	  3	<ARC>	+1.10000	</ARC>
	123	 40	  4	<ARC>	-0.80000	</ARC>
	124	 40	  2	<ARC>	+1.10000	</ARC>
	125	 37	  4	<ARC>	-0.80000	</ARC>
	126	 37	  2	<ARC>	+1.10000	</ARC>
	127	 38	  1	<ARC>	-0.80000	</ARC>
	128	 38	  3	<ARC>	+1.10000	</ARC>
	129	 33	  1	<ARC>	-0.80000	</ARC>
	130	 33	  3	<ARC>	+1.10000	</ARC>
	131	 35	  1	<ARC>	-0.80000	</ARC>
	132	 35	  3	<ARC>	+1.10000	</ARC>
	133	 36	  4	<ARC>	-0.80000	</ARC>
	134	 36	  2	<ARC>	+1.10000	</ARC>
	135	 34	  4	<ARC>	-0.80000	</ARC>
	136	 34	  2	<ARC>	+1.10000	</ARC>
	137	 55	  4	<ARC>	-1.10000	</ARC>
	138	 55	  2	<ARC>	+1.50000	</ARC>
	139	 55	  2	<ARC>	+2.00000	</ARC>
	140	 56	  1	<ARC>	-1.10000	</ARC>
	141	 56	  3	<ARC>	+1.50000	</ARC>
	142	 56	  3	<ARC>	+2.00000	</ARC>
	143	 54	  1	<ARC>	-1.10000	</ARC>
	144	 54	  3	<ARC>	+1.50000	</ARC>
	145	 54	  3	<ARC>	+2.00000	</ARC>
	146	 49	  4	<ARC>	-1.10000	</ARC>
	147	 49	  2	<ARC>	+1.50000	</ARC>
	148	 49	  2	<ARC>	+2.00000	</ARC>
	149	 53	  4	<ARC>	-1.10000	</ARC>
	150	 53	  2	<ARC>	+1.50000	</ARC>
	151	 53	  2	<ARC>	+2.00000	</ARC>
	152	 51	  4	<ARC>	-1.10000	</ARC>
	153	 51	  2	<ARC>	+1.50000	</ARC>
	154	 51	  2	<ARC>	+2.00000	</ARC>
	155	 52	  1	<ARC>	-1.10000	</ARC>
	156	 52	  3	<ARC>	+1.50000	</ARC>
	157	 52	  3	<ARC>	+2.00000	</ARC>
	158	 50	  1	<ARC>	-1.10000	</ARC>
	159	 50	  3	<ARC>	+1.50000	</ARC>
	160	 50	  3	<ARC>	+2.00000	</ARC>
	161	 71	  1	<ARC>	-1.50000	</ARC>
	162	 71	  1	<ARC>	-2.00000	</ARC>
	163	 72	  4	<ARC>	-1.50000	</ARC>
	164	 72	  4	<ARC>	-2.00000	</ARC>
	165	 69	  4	<ARC>	-1.50000	</ARC>
	166	 69	  4	<ARC>	-2.00000	</ARC>
	167	 70	  1	<ARC>	-1.50000	</ARC>
	168	 70	  1	<ARC>	-2.00000	</ARC>
	169	 65	  1	<ARC>	-1.50000	</ARC>
	170	 65	  1	<ARC>	-2.00000	</ARC>
	171	 67	  1	<ARC>	-1.50000	</ARC>
	172	 67	  1	<ARC>	-2.00000	</ARC>
	173	 68	  4	<ARC>	-1.50000	</ARC>
	174	 68	  4	<ARC>	-2.00000	</ARC>
	175	 66	  4	<ARC>	-1.50000	</ARC>
	176	 66	  4	<ARC>	-2.00000	</ARC>
</CURVES>
