# FLow past an oscillating and rotating  circular cylinder.
# John Elston 30/4/97
# 164 element mesh on domain 40x40

<HISTORY NUMBER=4>
	1	0.0	2.0	0.0
	2	2.0	0.0	0.0
	3	2.0	2.0	0.0
	4	5.0	5.0	0.0
</HISTORY>

<FIELDS>
	u v p
</FIELDS>

<TOKENS>

	KC	 = 3.142
	STOKES	 = 40.0
	N_TIME	 = 2
	N_P	 = 9
	IO_CFL   = 50
	D	 = 1.0
	KINVIS	 = D*D/200
	A_T	 = KC*D/TWOPI
	FREQ	 = STOKES*KINVIS/D/D

        N_PERIOD = 0.25
        PERIOD   = 1/FREQ
        PER_STEP = 3000
        N_STEP   = N_PERIOD*PER_STEP 
        D_T      = PERIOD/PER_STEP
	IO_FLD	 = PER_STEP/2

	BASE_DT  = PERIOD/64

	CHKPOINT = 1
	IO_EIG   = 5
	K_DIM    = 8
	N_TOL    = 4
	N_WRT    = 4
	EVTOL    = 2.5E-8
	BIGRES   = 0
	K_ITRN   = 50
	SYMMETRY = 0

</TOKENS>

<GROUPS NUMBER=2>
	1	v	velocity
	2	w	wall
</GROUPS>

<BCS NUMBER=2>
	1	v	3
			<D>	u = 0.0		</D>
			<D>	v = 0.0		</D>
			<D>	p = 0.0		</D>
	2	w	3
			<D>	u = 0.0		</D>
			<D>	v = 0.0		</D>
			<H>	p = 0.0		</H>
</BCS>

<NODES NUMBER=184>
1	0.5000	0.0000	0.0
2	0.4619	0.1913	0.0
3	0.3536	0.3536	0.0
4	0.1913	0.4619	0.0
5	0.0000	0.5000	0.0
6	-0.1913	0.4619	0.0
7	-0.3536	0.3536	0.0
8	-0.4619	0.1913	0.0
9	-0.5000	0.0000	0.0
10	-0.4619	-0.1913	0.0
11	-0.3536	-0.3536	0.0
12	-0.1913	-0.4619	0.0
13	0.0000	-0.5000	0.0
14	0.1913	-0.4619	0.0
15	0.3536	-0.3536	0.0
16	0.4619	-0.1913	0.0

17	0.6000	0.0000	0.0
18	0.5543	0.2296	0.0
19	0.4243	0.4243	0.0
20	0.2296	0.5543	0.0
21	0.0000	0.6000	0.0
22	-0.2296	0.5543	0.0
23	-0.4243	0.4243	0.0
24	-0.5543	0.2296	0.0
25	-0.6000	0.0000	0.0
26	-0.5543	-0.2296	0.0
27	-0.4243	-0.4243	0.0
28	-0.2296	-0.5543	0.0
29	0.0000	-0.6000	0.0
30	0.2296	-0.5543	0.0
31	0.4243	-0.4243	0.0
32	0.5543	-0.2296	0.0

33	0.8000	0.0000	0.0
34	0.7391	0.3061	0.0
35	0.5657	0.5657	0.0
36	0.3061	0.7391	0.0
37	0.0000	0.8000	0.0
38	-0.3061	0.7391	0.0
39	-0.5657	0.5657	0.0
40	-0.7391	0.3061	0.0
41	-0.8000	0.0000	0.0
42	-0.7391	-0.3061	0.0
43	-0.5657	-0.5657	0.0
44	-0.3061	-0.7391	0.0
45	0.0000	-0.8000	0.0
46	0.3061	-0.7391	0.0
47	0.5657	-0.5657	0.0
48	0.7391	-0.3061	0.0

49	1.1000	0.0000	0.0
50	1.0163	0.4210	0.0
51	0.7778	0.7778	0.0
52	0.4210	1.0163	0.0
53	0.0000	1.1000	0.0
54	-0.4210	1.0163	0.0
55	-0.7778	0.7778	0.0
56	-1.0163	0.4210	0.0
57	-1.1000	0.0000	0.0
58	-1.0163	-0.4210	0.0
59	-0.7778	-0.7778	0.0
60	-0.4210	-1.0163	0.0
61	0.0000	-1.1000	0.0
62	0.4210	-1.0163	0.0
63	0.7778	-0.7778	0.0
64	1.0163	-0.4210	0.0

65	1.5000	0.0000	0.0
66	1.3858	0.5740	0.0
67	1.0607	1.0607	0.0
68	0.5740	1.3858	0.0
69	0.0000	1.5000	0.0
70	-0.5740	1.3858	0.0
71	-1.0607	1.0607	0.0
72	-1.3858	0.5740	0.0
73	-1.5000	0.0000	0.0
74	-1.3858	-0.5740	0.0
75	-1.0607	-1.0607	0.0
76	-0.5740	-1.3858	0.0
77	0.0000	-1.5000	0.0
78	0.5740	-1.3858	0.0
79	1.0607	-1.0607	0.0
80	1.3858	-0.5740	0.0

81	2.0000	0.0000	0.0
82	1.8478	0.7654	0.0
83	1.4142	1.4142	0.0
84	0.7654	1.8478	0.0
85	0.0000	2.0000	0.0
86	-0.7654	1.8478	0.0
87	-1.4142	1.4142	0.0
88	-1.8478	0.7654	0.0
89	-2.0000	0.0000	0.0
90	-1.8478	-0.7654	0.0
91	-1.4142	-1.4142	0.0
92	-0.7654	-1.8478	0.0
93	0.0000	-2.0000	0.0
94	0.7654	-1.8478	0.0
95	1.4142	-1.4142	0.0
96	1.8478	-0.7654	0.0

97	3.0000	0.0000	0.0
98	2.7716	1.1481	0.0
99	2.1213	2.1213	0.0
100	1.1481	2.7716	0.0
101	0.0000	3.0000	0.0
102	-1.1481	2.7716	0.0
103	-2.1213	2.1213	0.0
104	-2.7716	1.1481	0.0
105	-3.0000	0.0000	0.0
106	-2.7716	-1.1481	0.0
107	-2.1213	-2.1213	0.0
108	-1.1481	-2.7716	0.0
109	0.0000	-3.0000	0.0
110	1.1481	-2.7716	0.0
111	2.1213	-2.1213	0.0
112	2.7716	-1.1481	0.0

113	4.5000	0.0000	0.0
114	4.1574	1.7221	0.0
115	3.1820	3.1820	0.0
116	1.7221	4.1574	0.0
117	0.0000	4.5000	0.0
118	-1.7221	4.1574	0.0
119	-3.1820	3.1820	0.0
120	-4.1574	1.7221	0.0
121	-4.5000	0.0000	0.0
122	-4.1574	-1.7221	0.0
123	-3.1820	-3.1820	0.0
124	-1.7221	-4.1574	0.0
125	0.0000	-4.5000	0.0
126	1.7221	-4.1574	0.0
127	3.1820	-3.1820	0.0
128	4.1574	-1.7221	0.0

129	7.5000	0.0000	0.0
130	6.9291	2.8701	0.0
131	5.3033	5.3033	0.0
132	2.8701	6.9291	0.0
133	0.0000	7.5000	0.0
134	-2.8701	6.9291	0.0
135	-5.3033	5.3033	0.0
136	-6.9291	2.8701	0.0
137	-7.5000	0.0000	0.0
138	-6.9291	-2.8701	0.0
139	-5.3033	-5.3033	0.0
140	-2.8701	-6.9291	0.0
141	0.0000	-7.5000	0.0
142	2.8701	-6.9291	0.0
143	5.3033	-5.3033	0.0
144	6.9291	-2.8701	0.0

145	14.0	0.0	0.0
146	13.0	5.4	0.0
147	10.0	10.0	0.0
148	5.4	13.0	0.0
149	0.0	14.0	0.0
150	-5.4	13.0	0.0
151	-10.0	10.0	0.0
152	-13.0	5.4	0.0
153	-14.0	0.0	0.0
154	-13.0	-5.4	0.0
155	-10.0	-10.0	0.0
156	-5.4	-13.0	0.0
157	0.0	-14.0	0.0
158	5.4	-13.0	0.0
159	10.0	-10.0	0.0
160	13.0	-5.4	0.0

161	20.0	0.0	0.0
162	20.0	6.0	0.0
163	20.0	12.5	0.0
164	20.0	20.0	0.0
165	12.5	20.0	0.0
166	6.0	20.0	0.0
167	0.0	20.0	0.0
168	-6.0	20.0	0.0
169	-12.5	20.0	0.0
170	-20.0	20.0	0.0
171	-20.0	12.5	0.0
172	-20.0	6.0	0.0
173	-20.0	0.0	0.0
174	-20.0	-6.0	0.0
175	-20.0	-12.5	0.0
176	-20.0	-20.0	0.0
177	-12.5	-20.0	0.0
178	-6.0	-20.0	0.0
179	0.0	-20.0	0.0
180	6.0	-20.0	0.0
181	12.5	-20.0	0.0
182	20.0	-20.0	0.0
183	20.0	-12.5	0.0
184	20.0	-6.0	0.0

</NODES>

<ELEMENTS NUMBER=164>

1	<Q>	1	17	18	2	</Q>
2	<Q>	2	18	19	3	</Q>
3	<Q>	3	19	20	4	</Q>
4	<Q>	4	20	21	5	</Q>
5	<Q>	5	21	22	6	</Q>
6	<Q>	6	22	23	7	</Q>
7	<Q>	7	23	24	8	</Q>
8	<Q>	8	24	25	9	</Q>
9	<Q>	9	25	26	10	</Q>
10	<Q>	10	26	27	11	</Q>
11	<Q>	11	27	28	12	</Q>
12	<Q>	12	28	29	13	</Q>
13	<Q>	13	29	30	14	</Q>
14	<Q>	14	30	31	15	</Q>
15	<Q>	15	31	32	16	</Q>
16	<Q>	16	32	17	1	</Q>

17	<Q>	17	33	34	18	</Q>
18	<Q>	18	34	35	19	</Q>
19	<Q>	19	35	36	20	</Q>
20	<Q>	20	36	37	21	</Q>
21	<Q>	21	37	38	22	</Q>
22	<Q>	22	38	39	23	</Q>
23	<Q>	23	39	40	24	</Q>
24	<Q>	24	40	41	25	</Q>
25	<Q>	25	41	42	26	</Q>
26	<Q>	26	42	43	27	</Q>
27	<Q>	27	43	44	28	</Q>
28	<Q>	28	44	45	29	</Q>
29	<Q>	29	45	46	30	</Q>
30	<Q>	30	46	47	31	</Q>
31	<Q>	31	47	48	32	</Q>
32	<Q>	32	48	33	17	</Q>

33	<Q>	33	49	50	34	</Q>
34	<Q>	34	50	51	35	</Q>
35	<Q>	35	51	52	36	</Q>
36	<Q>	36	52	53	37	</Q>
37	<Q>	37	53	54	38	</Q>
38	<Q>	38	54	55	39	</Q>
39	<Q>	39	55	56	40	</Q>
40	<Q>	40	56	57	41	</Q>
41	<Q>	41	57	58	42	</Q>
42	<Q>	42	58	59	43	</Q>
43	<Q>	43	59	60	44	</Q>
44	<Q>	44	60	61	45	</Q>
45	<Q>	45	61	62	46	</Q>
46	<Q>	46	62	63	47	</Q>
47	<Q>	47	63	64	48	</Q>
48	<Q>	48	64	49	33	</Q>

49	<Q>	49	65	66	50	</Q>
50	<Q>	50	66	67	51	</Q>
51	<Q>	51	67	68	52	</Q>
52	<Q>	52	68	69	53	</Q>
53	<Q>	53	69	70	54	</Q>
54	<Q>	54	70	71	55	</Q>
55	<Q>	55	71	72	56	</Q>
56	<Q>	56	72	73	57	</Q>
57	<Q>	57	73	74	58	</Q>
58	<Q>	58	74	75	59	</Q>
59	<Q>	59	75	76	60	</Q>
60	<Q>	60	76	77	61	</Q>
61	<Q>	61	77	78	62	</Q>
62	<Q>	62	78	79	63	</Q>
63	<Q>	63	79	80	64	</Q>
64	<Q>	64	80	65	49	</Q>

65	<Q>	65	81	82	66	</Q>
66	<Q>	66	82	83	67	</Q>
67	<Q>	67	83	84	68	</Q>
68	<Q>	68	84	85	69	</Q>
69	<Q>	69	85	86	70	</Q>
70	<Q>	70	86	87	71	</Q>
71	<Q>	71	87	88	72	</Q>
72	<Q>	72	88	89	73	</Q>
73	<Q>	73	89	90	74	</Q>
74	<Q>	74	90	91	75	</Q>
75	<Q>	75	91	92	76	</Q>
76	<Q>	76	92	93	77	</Q>
77	<Q>	77	93	94	78	</Q>
78	<Q>	78	94	95	79	</Q>
79	<Q>	79	95	96	80	</Q>
80	<Q>	80	96	81	65	</Q>

81	<Q>	81	97	98	82	</Q>
82	<Q>	82	98	99	83	</Q>
83	<Q>	83	99	100	84	</Q>
84	<Q>	84	100	101	85	</Q>
85	<Q>	85	101	102	86	</Q>
86	<Q>	86	102	103	87	</Q>
87	<Q>	87	103	104	88	</Q>
88	<Q>	88	104	105	89	</Q>
89	<Q>	89	105	106	90	</Q>
90	<Q>	90	106	107	91	</Q>
91	<Q>	91	107	108	92	</Q>
92	<Q>	92	108	109	93	</Q>
93	<Q>	93	109	110	94	</Q>
94	<Q>	94	110	111	95	</Q>
95	<Q>	95	111	112	96	</Q>
96	<Q>	96	112	97	81	</Q>

97	<Q>	97	113	114	98	</Q>
98	<Q>	98	114	115	99	</Q>
99	<Q>	99	115	116	100	</Q>
100	<Q>	100	116	117	101	</Q>
101	<Q>	101	117	118	102	</Q>
102	<Q>	102	118	119	103	</Q>
103	<Q>	103	119	120	104	</Q>
104	<Q>	104	120	121	105	</Q>
105	<Q>	105	121	122	106	</Q>
106	<Q>	106	122	123	107	</Q>
107	<Q>	107	123	124	108	</Q>
108	<Q>	108	124	125	109	</Q>
109	<Q>	109	125	126	110	</Q>
110	<Q>	110	126	127	111	</Q>
111	<Q>	111	127	128	112	</Q>
112	<Q>	112	128	113	97	</Q>

113	<Q>	113	129	130	114	</Q>
114	<Q>	114	130	131	115	</Q>
115	<Q>	115	131	132	116	</Q>
116	<Q>	116	132	133	117	</Q>
117	<Q>	117	133	134	118	</Q>
118	<Q>	118	134	135	119	</Q>
119	<Q>	119	135	136	120	</Q>
120	<Q>	120	136	137	121	</Q>
121	<Q>	121	137	138	122	</Q>
122	<Q>	122	138	139	123	</Q>
123	<Q>	123	139	140	124	</Q>
124	<Q>	124	140	141	125	</Q>
125	<Q>	125	141	142	126	</Q>
126	<Q>	126	142	143	127	</Q>
127	<Q>	127	143	144	128	</Q>
128	<Q>	128	144	129	113	</Q>

129	<Q>	129	145	146	130	</Q>
130	<Q>	130	146	147	131	</Q>
131	<Q>	131	147	148	132	</Q>
132	<Q>	132	148	149	133	</Q>
133	<Q>	133	149	150	134	</Q>
134	<Q>	134	150	151	135	</Q>
135	<Q>	135	151	152	136	</Q>
136	<Q>	136	152	153	137	</Q>
137	<Q>	137	153	154	138	</Q>
138	<Q>	138	154	155	139	</Q>
139	<Q>	139	155	156	140	</Q>
140	<Q>	140	156	157	141	</Q>
141	<Q>	141	157	158	142	</Q>
142	<Q>	142	158	159	143	</Q>
143	<Q>	143	159	160	144	</Q>
144	<Q>	144	160	145	129	</Q>

145	<Q>	145	161	162	146	</Q>
146	<Q>	146	162	163	147	</Q>
147	<Q>	147	163	164	165	</Q>
148	<Q>	147	165	166	148	</Q>
149	<Q>	148	166	167	149	</Q>
150	<Q>	149	167	168	150	</Q>
151	<Q>	150	168	169	151	</Q>
152	<Q>	151	169	170	171	</Q>
153	<Q>	151	171	172	152	</Q>
154	<Q>	152	172	173	153	</Q>
155	<Q>	153	173	174	154	</Q>
156	<Q>	154	174	175	155	</Q>
157	<Q>	155	175	176	177	</Q>
158	<Q>	155	177	178	156	</Q>
159	<Q>	156	178	179	157	</Q>
160	<Q>	157	179	180	158	</Q>
161	<Q>	158	180	181	159	</Q>
162	<Q>	159	181	182	183	</Q>
163	<Q>	159	183	184	160	</Q>
164	<Q>	160	184	161	145	</Q>

</ELEMENTS>

<SURFACES NUMBER=40>
	1	1	4	<B>	w	</B>
	2	2	4	<B>	w	</B>
	3	3	4	<B>	w	</B>
	4	4	4	<B>	w	</B>
	5	5	4	<B>	w	</B>
	6	6	4	<B>	w	</B>
	7	7	4	<B>	w	</B>
	8	8	4	<B>	w	</B>
	9	9	4	<B>	w	</B>
	10	10	4	<B>	w	</B>
	11	11	4	<B>	w	</B>
	12	12	4	<B>	w	</B>
	13	13	4	<B>	w	</B>
	14	14	4	<B>	w	</B>
	15	15	4	<B>	w	</B>
	16	16	4	<B>	w	</B>

	17	162	3	<B>	v	</B>
	18	163	2	<B>	v	</B>
	19	164	2	<B>	v	</B>
	20	145	2	<B>	v	</B>
	21	146	2	<B>	v	</B>
	22	147	2	<B>	v	</B>
	23	147	3	<B>	v	</B>
	24	148	2	<B>	v	</B>
	25	149	2	<B>	v	</B>
	26	150	2	<B>	v	</B>
	27	151	2	<B>	v	</B>
	28	152	2	<B>	v	</B>

	29	157	2	<B>	v	</B>
	30	156	2	<B>	v	</B>
	31	155	2	<B>	v	</B>
	32	154	2	<B>	v	</B>
	33	153	2	<B>	v	</B>
	34	152	3	<B>	v	</B>
	35	162	2	<B>	v	</B>
	36	161	2	<B>	v	</B>
	37	160	2	<B>	v	</B>
	38	159	2	<B>	v	</B>
	39	158	2	<B>	v	</B>
	40	157	3	<B>	v	</B>
	
</SURFACES>

<CURVES NUMBER=144>

1	1	4	<ARC>	-0.5	</ARC>
2	2	4	<ARC>	-0.5	</ARC>
3	3	4	<ARC>	-0.5	</ARC>
4	4	4	<ARC>	-0.5	</ARC>
5	5	4	<ARC>	-0.5	</ARC>
6	6	4	<ARC>	-0.5	</ARC>
7	7	4	<ARC>	-0.5	</ARC>
8	8	4	<ARC>	-0.5	</ARC>
9	9	4	<ARC>	-0.5	</ARC>
10	10	4	<ARC>	-0.5	</ARC>
11	11	4	<ARC>	-0.5	</ARC>
12	12	4	<ARC>	-0.5	</ARC>
13	13	4	<ARC>	-0.5	</ARC>
14	14	4	<ARC>	-0.5	</ARC>
15	15	4	<ARC>	-0.5	</ARC>
16	16	4	<ARC>	-0.5	</ARC>

17	1	2	<ARC>	0.6	</ARC>
18	2	2	<ARC>	0.6	</ARC>
19	3	2	<ARC>	0.6	</ARC>
20	4	2	<ARC>	0.6	</ARC>
21	5	2	<ARC>	0.6	</ARC>
22	6	2	<ARC>	0.6	</ARC>
23	7	2	<ARC>	0.6	</ARC>
24	8	2	<ARC>	0.6	</ARC>
25	9	2	<ARC>	0.6	</ARC>
26	10	2	<ARC>	0.6	</ARC>
27	11	2	<ARC>	0.6	</ARC>
28	12	2	<ARC>	0.6	</ARC>
29	13	2	<ARC>	0.6	</ARC>
30	14	2	<ARC>	0.6	</ARC>
31	15	2	<ARC>	0.6	</ARC>
32	16	2	<ARC>	0.6	</ARC>

33	17	4	<ARC>	-0.6	</ARC>
34	18	4	<ARC>	-0.6	</ARC>
35	19	4	<ARC>	-0.6	</ARC>
36	20	4	<ARC>	-0.6	</ARC>
37	21	4	<ARC>	-0.6	</ARC>
38	22	4	<ARC>	-0.6	</ARC>
39	23	4	<ARC>	-0.6	</ARC>
40	24	4	<ARC>	-0.6	</ARC>
41	25	4	<ARC>	-0.6	</ARC>
42	26	4	<ARC>	-0.6	</ARC>
43	27	4	<ARC>	-0.6	</ARC>
44	28	4	<ARC>	-0.6	</ARC>
45	29	4	<ARC>	-0.6	</ARC>
46	30	4	<ARC>	-0.6	</ARC>
47	31	4	<ARC>	-0.6	</ARC>
48	32	4	<ARC>	-0.6	</ARC>

49	17	2	<ARC>	0.8	</ARC>
50	18	2	<ARC>	0.8	</ARC>
51	19	2	<ARC>	0.8	</ARC>
52	20	2	<ARC>	0.8	</ARC>
53	21	2	<ARC>	0.8	</ARC>
54	22	2	<ARC>	0.8	</ARC>
55	23	2	<ARC>	0.8	</ARC>
56	24	2	<ARC>	0.8	</ARC>
57	25	2	<ARC>	0.8	</ARC>
58	26	2	<ARC>	0.8	</ARC>
59	27	2	<ARC>	0.8	</ARC>
60	28	2	<ARC>	0.8	</ARC>
61	29	2	<ARC>	0.8	</ARC>
62	30	2	<ARC>	0.8	</ARC>
63	31	2	<ARC>	0.8	</ARC>
64	32	2	<ARC>	0.8	</ARC>

65	33	4	<ARC>	-0.8	</ARC>
66	34	4	<ARC>	-0.8	</ARC>
67	35	4	<ARC>	-0.8	</ARC>
68	36	4	<ARC>	-0.8	</ARC>
69	37	4	<ARC>	-0.8	</ARC>
70	38	4	<ARC>	-0.8	</ARC>
71	39	4	<ARC>	-0.8	</ARC>
72	40	4	<ARC>	-0.8	</ARC>
73	41	4	<ARC>	-0.8	</ARC>
74	42	4	<ARC>	-0.8	</ARC>
75	43	4	<ARC>	-0.8	</ARC>
76	44	4	<ARC>	-0.8	</ARC>
77	45	4	<ARC>	-0.8	</ARC>
78	46	4	<ARC>	-0.8	</ARC>
79	47	4	<ARC>	-0.8	</ARC>
80	48	4	<ARC>	-0.8	</ARC>

81	33	2	<ARC>	1.1	</ARC>
82	34	2	<ARC>	1.1	</ARC>
83	35	2	<ARC>	1.1	</ARC>
84	36	2	<ARC>	1.1	</ARC>
85	37	2	<ARC>	1.1	</ARC>
86	38	2	<ARC>	1.1	</ARC>
87	39	2	<ARC>	1.1	</ARC>
88	40	2	<ARC>	1.1	</ARC>
89	41	2	<ARC>	1.1	</ARC>
90	42	2	<ARC>	1.1	</ARC>
91	43	2	<ARC>	1.1	</ARC>
92	44	2	<ARC>	1.1	</ARC>
93	45	2	<ARC>	1.1	</ARC>
94	46	2	<ARC>	1.1	</ARC>
95	47	2	<ARC>	1.1	</ARC>
96	48	2	<ARC>	1.1	</ARC>

97	49	4	<ARC>	-1.1	</ARC>
98	50	4	<ARC>	-1.1	</ARC>
99	51	4	<ARC>	-1.1	</ARC>
100	52	4	<ARC>	-1.1	</ARC>
101	53	4	<ARC>	-1.1	</ARC>
102	54	4	<ARC>	-1.1	</ARC>
103	55	4	<ARC>	-1.1	</ARC>
104	56	4	<ARC>	-1.1	</ARC>
105	57	4	<ARC>	-1.1	</ARC>
106	58	4	<ARC>	-1.1	</ARC>
107	59	4	<ARC>	-1.1	</ARC>
108	60	4	<ARC>	-1.1	</ARC>
109	61	4	<ARC>	-1.1	</ARC>
110	62	4	<ARC>	-1.1	</ARC>
111	63	4	<ARC>	-1.1	</ARC>
112	64	4	<ARC>	-1.1	</ARC>

113	49	2	<ARC>	1.5	</ARC>
114	50	2	<ARC>	1.5	</ARC>
115	51	2	<ARC>	1.5	</ARC>
116	52	2	<ARC>	1.5	</ARC>
117	53	2	<ARC>	1.5	</ARC>
118	54	2	<ARC>	1.5	</ARC>
119	55	2	<ARC>	1.5	</ARC>
120	56	2	<ARC>	1.5	</ARC>
121	57	2	<ARC>	1.5	</ARC>
122	58	2	<ARC>	1.5	</ARC>
123	59	2	<ARC>	1.5	</ARC>
124	60	2	<ARC>	1.5	</ARC>
125	61	2	<ARC>	1.5	</ARC>
126	62	2	<ARC>	1.5	</ARC>
127	63	2	<ARC>	1.5	</ARC>
128	64	2	<ARC>	1.5	</ARC>

129	65	4	<ARC>	-1.5	</ARC>
130	66	4	<ARC>	-1.5	</ARC>
131	67	4	<ARC>	-1.5	</ARC>
132	68	4	<ARC>	-1.5	</ARC>
133	69	4	<ARC>	-1.5	</ARC>
134	70	4	<ARC>	-1.5	</ARC>
135	71	4	<ARC>	-1.5	</ARC>
136	72	4	<ARC>	-1.5	</ARC>
137	73	4	<ARC>	-1.5	</ARC>
138	74	4	<ARC>	-1.5	</ARC>
139	75	4	<ARC>	-1.5	</ARC>
140	76	4	<ARC>	-1.5	</ARC>
141	77	4	<ARC>	-1.5	</ARC>
142	78	4	<ARC>	-1.5	</ARC>
143	79	4	<ARC>	-1.5	</ARC>
144	80	4	<ARC>	-1.5	</ARC>

</CURVES>




































































